6
12
2
2
4

11.0411 7.66665 9.81427 6.94007 9.67584 9.16047 6.41853 6.38503 7.59999 8.62583 10.1272 8.10216 

2.38877 2.70794 3.03459 2.40189 2.19206 3.13983 3.49865 1.64005 2.67952 3.46367 1.93195 2.97334 

26.6738 18.6033 9.73831 9.42647 22.8314 16.566 19.8863 18.0833 15.9055 30.5734 17.6188 31.2508 

1 1 1 1 1 1 1 1 1 1 1 1 

44.9783 26.2756 14.3575 47.9632 30.6805 23.4894 20.3737 21.9492 31.3287 23.5228 42.1587 36.2798 

39.7857 67.4226 43.7526 41.5975 107.618 53.3401 80.5324 107.43 80.9258 87.1218 51.4045 97.6342 

0.601134 0.971338 0.482339 0.707759 0.57551 0.884635 0.93414 0.941325 0.718964 0.783987 0.537381 0.663736 

439.844 495.025 461.96 418.753 410.317 468.445 

9999 9999 9999 9999 9999 9999 

0.428657 0.570716 
0.143398 0.855631 
0.718164 0.280922 
0.57133 0.427644 
0.394173 0.605031 
0.669777 0.32933 

132.953 233.037 

3 3 

59.6082 56.7043 

0 0.146447 0.5 0.853553 1 

265.665 45.6345 -45.3762 -244.632 353.635 60.7153 -60.5169 -332.216 
100.104 17.2292 -16.9689 -87.3709 596.635 102.412 -102.192 -567.249 
467.362 80.2361 -79.9976 -440.343 182.865 31.4143 -31.2234 -167.874 
337.044 57.8686 -57.6711 -316.193 252.392 43.3805 -43.0095 -227.977 
227.982 39.198 -38.8007 -204.047 349.826 60.1006 -59.7149 -320.382 
441.98 75.8738 -75.6709 -417.717 217.367 37.3336 -37.144 -201.037 

0 32.2227 77.7281 247.804 0 42.8971 103.513 335.423 
0 12.1368 29.2358 89.3277 0 72.3773 174.679 571.63 
0 56.6933 136.81 444.384 0 22.1795 53.4983 170.137 
0 40.8843 98.6542 319.317 0 30.609 73.8039 231.683 
0 27.6468 66.6462 207.692 0 42.4293 102.337 324.831 
0 53.615 129.387 421.342 0 26.3653 63.6041 203.495 

265.665 77.8572 123.104 492.436 353.635 103.612 164.03 667.639 
100.104 29.366 46.2046 176.699 596.635 174.789 276.871 1138.88 
467.362 136.929 216.808 884.726 182.865 53.5938 84.7217 338.011 
337.044 98.753 156.325 635.51 252.392 73.9895 116.813 459.66 
227.982 66.8448 105.447 411.739 349.826 102.53 162.052 645.213 
441.98 129.489 205.058 839.059 217.367 63.699 100.748 404.532 

0 1 2 3 4 5 6 7 8 
9 10 11 

0 1 

0 1 2 3 4 5 6 7 8 
9 10 11 

