6
12
7
7
4

6.44718 9.93938 6.41944 12 6.02497 8.15457 7.82577 10.9994 10.0013 9.77688 7.34194 8.8289 

3.50021 3.53481 2.00931 2.00866 3.44614 2.70497 3.58446 3.45075 2.59452 2.05827 2.90226 2.78508 

7.38677 22.8817 18.1815 29.4948 21.6788 21.297 21.232 29.0544 10.3288 24.4964 19.4821 30.93 

1 1 1 1 1 1 1 1 1 1 1 1 

19.8264 16.997 33.4075 47.9247 19.3791 37.3087 39.3751 47.2966 44.202 25.0442 23.3774 25.3032 

43.5055 34.304 88.6133 27.23 56.7729 31.2185 77.5296 87.5835 29.237 42.7499 70.2844 96.6724 

0.878679 0.712126 0.431163 0.922324 0.947816 0.718485 0.421253 0.94202 0.789824 0.444497 0.831561 0.660708 

434.494 434.712 468.612 418.82 429.729 472.755 

9999 9999 9999 9999 9999 9999 

0.223657 0.0627806 0.18131 0.129632 0.12936 0.0818554 0.191137 
0.146422 0.150762 0.175659 0.0789374 0.177993 0.0486096 0.221377 
0.0329717 0.107145 0.170877 0.175773 0.197505 0.0855668 0.229865 
0.211467 0.202708 0.168724 0.15421 0.0267231 0.151278 0.0846699 
0.218653 0.21008 0.11974 0.138502 0.0391222 0.0658407 0.207821 
0.169526 0.138413 0.235589 0.203578 0.0500919 0.0623917 0.140129 

250.68 151.536 217.992 135.928 97.6862 215.607 141.953 

3 3 3 3 3 3 3 

17.4689 68.0697 27.9277 57.7067 21.4363 49.5399 24.4706 

0 0.146447 0.5 0.853553 1 

136.958 23.5384 -23.3453 -123.977 38.5636 6.67696 -6.38712 -30.4875 111.029 19.0828 -18.922 -100.365 79.4484 13.6821 -13.4371 -68.4909 79.3138 13.6722 -13.3638 -67.1037 50.2419 8.68316 -8.38082 -40.7505 117.11 20.1543 -19.8584 -102.418 
89.798 15.4705 -15.1645 -76.811 92.4512 15.9242 -15.6253 -79.4091 107.649 18.5132 -18.3035 -95.7249 48.4644 8.37151 -8.10102 -39.6243 109.059 18.7471 -18.5757 -98.1663 29.8657 5.16767 -4.95903 -23.819 135.71 23.3568 -23.0067 -118.515 
21.8612 3.79232 -3.59366 -16.8654 70.8182 12.194 -11.9846 -61.2425 112.865 19.4021 -19.2216 -101.497 116.18 20.0054 -19.6584 -100.396 130.42 22.4058 -22.2644 -119.534 56.6297 9.78124 -9.46857 -46.3521 151.811 26.0903 -25.8799 -137.539 
124.904 21.5006 -21.1615 -108.69 119.757 20.6258 -20.2473 -103.045 99.7088 17.1846 -16.8128 -84.6602 91.1412 15.712 -15.3531 -77.0269 15.8652 2.76426 -2.56297 -11.6458 89.404 15.4106 -15.0677 -75.7293 50.086 8.65263 -8.36827 -40.877 
132.465 22.7827 -22.5166 -117.574 127.274 21.8906 -21.6311 -112.864 72.6427 12.5356 -12.1893 -60.3342 83.9575 14.4602 -14.1938 -72.2187 23.7874 4.12668 -3.90946 -18.3392 39.9452 6.89379 -6.70025 -33.1255 125.932 21.6708 -21.3609 -110.331 
112.955 19.4141 -19.2495 -102.075 92.2414 15.861 -15.693 -82.348 156.965 26.9754 -26.7608 -142.305 135.648 23.3165 -23.1094 -122.286 33.5187 5.81976 -5.49057 -25.582 41.7056 7.22351 -6.89802 -32.8185 93.4343 16.0866 -15.818 -80.9702 

0 16.61 40.0518 125.946 0 4.66969 11.2017 31.7727 0 13.4651 32.4676 101.984 0 9.63125 23.1909 70.1822 0 9.61298 23.131 69.0009 0 6.08614 14.6181 42.2474 0 14.1988 34.2052 104.674 
0 10.885 26.2025 78.8211 0 11.2071 26.9819 81.4248 0 13.0537 31.462 97.5453 0 5.87146 14.1077 41.0145 0 13.2258 31.8872 99.822 0 3.61695 8.6803 24.7783 0 16.4537 39.6355 121.157 
0 2.64613 6.33912 17.6672 0 8.58532 20.6746 62.7189 0 13.6874 32.9993 103.226 0 14.0844 33.9164 102.83 0 15.8183 38.1534 121.178 0 6.8608 16.4857 47.9678 0 18.4114 44.3965 139.704 
0 15.1431 36.4741 111.184 0 14.5175 34.954 105.627 0 12.0854 29.0841 86.9955 0 11.0464 26.5789 79.2208 0 1.91858 4.5822 12.3348 0 10.8361 26.0752 77.8531 0 6.06777 14.5782 42.3262 
0 16.0627 38.7123 119.849 0 15.433 37.1938 115.066 0 8.80249 21.1649 62.2592 0 10.1776 24.5046 74.032 0 2.87924 6.89731 19.2138 0 4.84026 11.6373 34.1926 0 15.2686 36.7845 112.725 
0 13.6987 33.0305 103.727 0 11.1857 26.9626 83.8563 0 19.0365 45.9047 144.528 0 16.4506 39.6636 124.316 0 4.05641 9.71157 26.8607 0 5.04979 12.1106 34.235 0 11.3273 27.2796 82.8905 

136.958 40.1483 63.3971 249.923 38.5636 11.3466 17.5888 62.2602 111.029 32.548 51.3896 202.349 79.4484 23.3133 36.628 138.673 79.3138 23.2852 36.4948 136.105 50.2419 14.7693 22.999 82.9978 117.11 34.3532 54.0636 207.092 
89.798 26.3555 41.367 155.632 92.4512 27.1313 42.6072 160.834 107.649 31.5668 49.7655 193.27 48.4644 14.243 22.2087 80.6389 109.059 31.9729 50.463 197.988 29.8657 8.78462 13.6393 48.5972 135.71 39.8105 62.6422 239.672 
21.8612 6.43845 9.93278 34.5326 70.8182 20.7793 32.6592 123.961 112.865 33.0895 52.2209 204.723 116.18 34.0899 53.5748 203.226 130.42 38.224 60.4178 240.713 56.6297 16.642 25.9543 94.3199 151.811 44.5017 70.2764 277.243 
124.904 36.6436 57.6356 219.874 119.757 35.1433 55.2014 208.672 99.7088 29.27 45.8969 171.656 91.1412 26.7584 41.932 156.248 15.8652 4.68284 7.14517 23.9806 89.404 26.2467 41.1429 153.582 50.086 14.7204 22.9465 83.2032 
132.465 38.8453 61.2289 237.424 127.274 37.3236 58.8249 227.931 72.6427 21.3381 33.3542 122.593 83.9575 24.6378 38.6984 146.251 23.7874 7.00592 10.8068 37.553 39.9452 11.7341 18.3375 67.3181 125.932 36.9395 58.1454 223.057 
112.955 33.1128 52.2801 205.802 92.2414 27.0466 42.6556 166.204 156.965 46.012 72.6655 286.832 135.648 39.7671 62.773 246.601 33.5187 9.87617 15.2021 52.4427 41.7056 12.2733 19.0086 67.0535 93.4343 27.4139 43.0976 163.861 

0 1 
2 
3 
4 5 6 7 8 
9 10 
11 


0 1 2 3 4 5 6 

0 1 
2 
3 
4 5 6 7 8 
9 10 
11 


