6
12
5
5
4

11.6619 8.50768 10.5376 8.4355 10.2751 6.38036 10.6275 10.6982 10.9807 9.39575 6.37056 11.3683 

3.14529 3.059 2.98662 2.25374 3.48262 2.73563 2.63719 3.06428 3.12206 1.9395 3.22438 3.05234 

8.47599 6.48987 16.595 25.636 6.09129 30.5751 23.9464 7.08969 17.8505 17.2436 10.5995 28.4362 

1 1 1 1 1 1 1 1 1 1 1 1 

25.8322 20.7831 26.9342 14.3282 30.743 27.654 17.5144 36.783 17.0464 22.2708 22.9776 34.8319 

70.9835 95.7613 74.126 104.739 51.7158 29.3195 62.4142 100.27 109.837 70.0269 36.7251 75.6498 

0.598262 0.488237 0.865824 0.908514 0.729557 0.470362 0.99301 0.854542 0.543324 0.47944 0.810936 0.97076 

436.846 459.075 423.394 407.406 474.607 464.545 

9999 9999 9999 9999 9999 9999 

0.340305 0.204634 0.17589 0.00418213 0.274548 
0.130279 0.190672 0.257113 0.181188 0.240456 
0.108949 0.378943 0.293231 0.0871957 0.131234 
0.325436 0.0860368 0.0536771 0.303456 0.231054 
0.373882 0.199845 0.276665 0.0713461 0.0778836 
0.464956 0.121703 0.0875747 0.206703 0.118558 

119.918 92.4579 252.645 93.6708 262.781 

3 3 3 3 3 

59.0284 59.2638 30.2445 45.869 64.9979 

0 0.146447 0.5 0.853553 1 

209.553 36.0301 -35.6616 -187.456 125.994 21.6568 -21.4656 -113.618 108.295 18.6139 -18.4525 -97.748 2.74854 0.540486 -0.240223 -0.94786 169.036 29.0532 -28.806 -152.726 
84.3188 14.5032 -14.3281 -74.6879 123.434 21.2426 -20.9314 -107.965 166.361 28.5955 -28.3429 -150.016 117.24 20.1538 -19.9675 -105.465 155.61 26.7585 -26.4695 -138.767 
65.0466 11.1937 -11.0326 -56.9632 226.109 38.8552 -38.5607 -205.481 174.937 30.0499 -29.8792 -161.061 52.1291 8.99969 -8.73189 -42.9819 78.4476 13.5396 -13.1546 -64.9735 
186.899 32.138 -31.7951 -166.785 49.5631 8.58517 -8.19492 -38.9585 30.8948 5.34043 -5.14982 -24.9902 174.245 29.9495 -29.6906 -157.305 132.756 22.8531 -22.4885 -115.426 
250.08 42.9775 -42.6377 -226.794 133.675 22.974 -22.7857 -121.008 185.045 31.7969 -31.5644 -168.455 47.8434 8.27235 -7.96668 -38.5499 52.2216 9.02699 -8.70463 -42.2384 
304.294 52.2489 -52.0543 -284.648 79.7504 13.7353 -13.4838 -68.6332 57.3871 9.88392 -9.70176 -49.362 135.359 23.2755 -23.0275 -120.801 77.7096 13.3921 -13.1073 -66.0786 

0 25.4119 61.2577 190.822 0 15.2798 36.841 115.498 0 13.1335 31.6667 99.3496 0 0.323361 0.713716 1.31772 0 20.5 49.4296 155.202 
0 10.2243 24.6399 76.1602 0 14.9656 36.0526 110.341 0 20.1754 48.6446 152.499 0 14.2179 34.2786 107.255 0 18.8699 45.4839 141.336 
0 7.88658 18.9997 58.204 0 27.4227 66.1306 208.606 0 21.2183 51.1828 163.154 0 6.31615 15.1819 44.4161 0 9.50555 22.8527 67.0829 
0 22.6642 54.6308 169.852 0 6.00109 14.3911 40.6495 0 3.74234 8.98747 25.9223 0 21.1317 50.9517 159.877 0 16.0949 38.7657 118.093 
0 30.3295 73.1371 230.324 0 16.2117 39.0916 122.929 0 22.4426 54.1233 170.966 0 5.79505 13.9146 40.0189 0 6.3257 15.1915 43.8144 
0 36.9112 89.0628 287.594 0 9.66769 23.2772 70.3502 0 6.95668 16.7495 50.6016 0 16.4143 39.5658 123.021 0 9.41909 22.6688 67.8826 

209.553 61.4419 96.9193 378.278 125.994 36.9366 58.3066 229.116 108.295 31.7474 50.1191 197.098 2.74854 0.863848 0.95394 2.26558 169.036 49.5532 78.2357 307.927 
84.3188 24.7274 38.9679 150.848 123.434 36.2082 56.984 218.306 166.361 48.7709 76.9875 302.515 117.24 34.3717 54.2461 212.72 155.61 45.6284 71.9534 280.102 
65.0466 19.0803 30.0323 115.167 226.109 66.2779 104.691 414.086 174.937 51.2682 81.062 324.215 52.1291 15.3158 23.9138 87.398 78.4476 23.0452 36.0073 132.056 
186.899 54.8022 86.4258 336.637 49.5631 14.5863 22.5861 79.6079 30.8948 9.08277 14.1373 50.9125 174.245 51.0811 80.6423 317.182 132.756 38.948 61.2542 233.518 
250.08 73.307 115.775 457.119 133.675 39.1857 61.8773 243.937 185.045 54.2395 85.6877 339.421 47.8434 14.0674 21.8812 78.5688 52.2216 15.3527 23.8961 86.0528 
304.294 89.1601 141.117 572.242 79.7504 23.4029 36.761 138.983 57.3871 16.8406 26.4513 99.9636 135.359 39.6898 62.5932 243.822 77.7096 22.8111 35.7761 133.961 

0 1 2 3 4 5 
6 7 8 
9 
10 
11 

0 1 2 3 4 

0 1 2 3 4 5 
6 7 8 
9 
10 
11 

