6
12
4
4
4

10.0396 9.31009 11.8819 9.02974 6.832 8.03357 9.33756 11.9344 10.0448 7.95124 7.80165 6.91448 

1.83936 2.78956 2.74553 2.73136 3.10067 2.48456 2.26541 2.28324 2.74547 3.08616 1.80537 2.00557 

9.27984 25.1713 9.57838 27.6424 23.162 13.8856 22.035 13.859 10.4045 26.3387 13.6285 22.7467 

1 1 1 1 1 1 1 1 1 1 1 1 

31.8881 40.3278 29.1853 18.2516 17.5375 34.1452 15.5077 26.1329 24.6374 38.6489 31.7913 18.129 

53.9079 35.8534 85.2573 24.1614 87.6131 108.556 59.5456 103.332 99.7562 107.162 93.4442 71.2377 

0.456444 0.810879 0.889595 0.775661 0.829655 0.518297 0.713101 0.953595 0.666627 0.697178 0.943058 0.407381 

412.974 430.737 488.073 452.606 468.951 463.373 

9999 9999 9999 9999 9999 9999 

0.520463 0.397949 0.0553025 0.0253944 
0.32755 0.312838 0.30439 0.0548317 
0.438142 0.0153441 0.277169 0.268882 
0.312189 0.0466343 0.302295 0.338459 
0.286463 0.371686 0.208303 0.132847 
0.379697 0.395212 0.117985 0.106425 

166.454 85.9774 140.431 217.522 

3 3 3 3 

12.1268 59.2216 70.5129 59.6046 

0 0.146447 0.5 0.853553 1 

302.803 51.9909 -51.8067 -283.725 231.58 39.7851 -39.5329 -212.206 32.3368 5.61902 -5.28035 -24.4523 14.9532 2.64074 -2.28635 -9.70787 
198.883 34.1977 -33.8375 -177.612 189.863 32.6104 -32.4413 -175.459 184.786 31.7594 -31.494 -167.111 33.3887 5.7806 -5.53141 -26.419 
301.295 51.745 -51.4993 -279.395 10.6875 1.89114 -1.62075 -6.83082 190.604 32.7362 -32.5732 -176.426 184.949 31.7837 -31.5358 -167.838 
199.088 34.1946 -34.0187 -184.041 29.8881 5.19469 -4.87609 -22.5419 192.786 33.1155 -32.9291 -177.562 215.917 37.1169 -36.7729 -194.206 
189.336 32.5434 -32.2618 -170.919 245.573 42.1716 -41.9884 -228.479 137.672 23.6612 -23.4662 -124.591 87.8264 15.1048 -14.9305 -78.0125 
247.878 42.5657 -42.3891 -231.005 258.063 44.3378 -44.0423 -235.939 77.1617 13.3072 -12.9788 -64.7667 69.5561 11.9766 -11.7713 -60.1599 

0 36.7305 88.6293 286.584 0 28.0877 67.7467 215.132 0 3.91273 9.36242 25.7267 0 1.80312 4.26666 10.6013 
0 24.1177 58.1353 180.854 0 23.0291 55.5549 177.628 0 22.4103 54.0369 169.794 0 4.04311 9.69912 27.5278 
0 36.5457 88.1679 282.689 0 1.2882 3.04414 7.49122 0 23.1191 55.7738 178.56 0 22.4306 54.0904 170.432 
0 24.1481 58.2547 186.307 0 3.61626 8.65165 23.7304 0 23.3832 56.4055 179.857 0 26.1847 63.1296 197.507 
0 22.9618 55.3644 173.715 0 29.7874 71.8675 231.047 0 16.6965 40.2602 126.576 0 10.6498 25.6675 79.5113 
0 30.0673 72.5447 233.539 0 31.2993 75.4893 239.283 0 9.35128 22.4942 66.698 0 8.43232 20.3063 61.6085 

302.803 88.7214 140.436 570.309 231.58 67.8728 107.28 427.338 32.3368 9.53175 14.6428 50.1791 14.9532 4.44386 6.55301 20.3092 
198.883 58.3154 91.9729 358.466 189.863 55.6395 87.9963 353.087 184.786 54.1696 85.5309 336.905 33.3887 9.82371 15.2305 53.9468 
301.295 88.2907 139.667 562.084 10.6875 3.17934 4.66489 14.322 190.604 55.8553 88.3471 354.986 184.949 54.2143 85.6262 338.27 
199.088 58.3427 92.2734 370.348 29.8881 8.81095 13.5277 46.2722 192.786 56.4987 89.3346 357.42 215.917 63.3016 99.9026 391.713 
189.336 55.5052 87.6262 344.634 245.573 71.9591 113.856 459.527 137.672 40.3577 63.7264 251.167 87.8264 25.7546 40.598 157.524 
247.878 72.633 114.934 464.544 258.063 75.6371 119.532 475.222 77.1617 22.6584 35.473 131.465 69.5561 20.4089 32.0776 121.768 

0 
1 
2 3 4 5 6 7 8 9 
10 11 

0 1 2 3 

0 
1 
2 3 4 5 6 7 8 9 
10 11 

