6
12
3
3
4

6.9877 7.25839 6.91237 9.40381 10.2383 10.5502 11.8158 7.26484 9.6351 10.6241 7.27856 9.82143 

3.57509 3.07454 2.07298 3.38652 3.30576 2.44944 2.99921 2.60679 2.73885 3.28646 2.10411 2.01162 

32.2874 28.7774 25.8007 16.6098 18.0662 7.6618 32.1648 29.6499 26.6982 20.8874 6.84491 28.6957 

1 1 1 1 1 1 1 1 1 1 1 1 

18.8972 29.4181 31.493 43.5018 30.2964 19.5835 22.8559 21.4001 33.9957 33.5008 33.2803 46.5903 

77.5787 87.6341 71.9541 85.3977 24.3457 86.6216 50.2854 88.3849 52.7717 67.4305 34.1823 107.555 

0.738425 0.801923 0.595875 0.914286 0.737165 0.969746 0.460904 0.467423 0.86817 0.556578 0.585989 0.87264 

454.148 427.634 414.121 476.506 441.879 452.212 

9999 9999 9999 9999 9999 9999 

0.383218 0.0774852 0.538709 
0.307956 0.417866 0.273688 
0.163525 0.466306 0.369513 
0.0535616 0.653817 0.291718 
0.583275 0.196974 0.219166 
0.446528 0.0713574 0.481227 

103.536 266.23 264.499 

3 3 3 

37.5216 21.2025 45.5601 

0 0.146447 0.5 0.853553 1 

245.228 42.1242 -41.8848 -225.775 49.6849 8.57621 -8.32818 -41.0828 344.709 59.2039 -58.9089 -319.058 
185.651 31.9272 -31.5682 -165.16 251.789 43.2511 -43.0051 -231.805 164.999 28.3781 -28.0464 -146.442 
95.5195 16.4491 -16.1576 -82.4082 272.103 46.7428 -46.4664 -250.097 215.616 37.0367 -36.8298 -198.652 
36.1017 6.25882 -5.94891 -28.0641 438.871 75.3395 -75.1412 -414.967 195.929 33.6819 -33.3647 -176.073 
363.115 62.3537 -62.0977 -338.528 122.66 21.0771 -20.9225 -111.644 136.54 23.4876 -23.1935 -120.67 
284.556 48.8931 -48.5506 -259.568 45.6119 7.89427 -7.56591 -36.2478 306.631 52.6707 -52.3756 -282.472 

0 29.7439 71.7484 228.708 0 6.02023 14.4724 42.4302 0 41.8113 100.868 322.919 
0 22.5124 54.2601 168.288 0 30.5396 73.6678 234.818 0 20.0076 48.2199 149.277 
0 11.5796 27.8829 84.4313 0 33.0032 79.6078 253.418 0 26.1523 63.0855 201.21 
0 4.37039 10.4743 29.3507 0 53.238 128.478 418.538 0 23.7605 57.2838 179.093 
0 44.0454 106.271 342.219 0 14.8764 35.8762 113.312 0 16.5561 39.8967 123.098 
0 34.512 83.2338 263.348 0 5.52362 13.2537 37.7353 0 37.1916 89.7148 286.114 

245.228 71.8681 113.633 454.483 49.6849 14.5964 22.8006 83.513 344.709 101.015 159.777 641.978 
185.651 54.4396 85.8283 333.448 251.789 73.7908 116.673 466.623 164.999 48.3858 76.2662 295.719 
95.5195 28.0287 44.0405 166.839 272.103 79.746 126.074 503.515 215.616 63.189 99.9153 399.862 
36.1017 10.6292 16.4232 57.4148 438.871 128.578 203.62 833.504 195.929 57.4424 90.6485 355.167 
363.115 106.399 168.369 680.747 122.66 35.9535 56.7987 224.957 136.54 40.0437 63.0901 243.768 
284.556 83.4051 131.784 522.916 45.6119 13.4179 20.8196 73.9831 306.631 89.8623 142.09 568.586 

0 1 2 3 
4 5 
6 7 8 9 10 11 

0 1 2 

0 1 2 3 
4 5 
6 7 8 9 10 11 

