6
12
4
4
4

6.00243 11.3852 10.8491 11.6347 6.7526 7.41643 10.4877 10.0545 8.2007 6.53948 7.49037 10.9773 

2.47533 3.16119 2.3037 1.85362 1.91721 2.92383 2.21016 3.30524 3.47263 2.236 2.70538 2.35663 

17.1877 16.6692 23.4078 20.2182 24.4743 29.6551 19.6278 18.4963 10.4938 13.8572 23.5 25.3596 

1 1 1 1 1 1 1 1 1 1 1 1 

26.7606 28.6321 29.2893 23.3824 33.5958 33.2666 26.0685 32.2813 27.1993 38.2219 17.2757 33.858 

59.2691 101.887 27.1941 82.6796 62.3542 57.1579 70.5321 40.7154 59.95 105.04 107.982 107.362 

0.853416 0.700039 0.419641 0.840898 0.554667 0.787416 0.588433 0.541919 0.653185 0.421893 0.942983 0.42146 

490.616 438.301 445.48 484.532 490.775 410.248 

9999 9999 9999 9999 9999 9999 

0.417564 0.138411 0.294511 0.14905 
0.0917554 0.230827 0.448435 0.228432 
0.420008 0.140308 0.150772 0.288419 
0.305842 0.254013 0.258889 0.180915 
0.0536153 0.0702427 0.0532304 0.821969 
0.197164 0.42815 0.0398947 0.334343 

181.728 150.369 146.741 142.591 

3 3 3 3 

18.7964 66.2197 15.13 60.4016 

0 0.146447 0.5 0.853553 1 

288.683 49.5967 -49.2759 -264.296 95.7777 16.4909 -16.2116 -82.9149 203.629 34.9917 -34.7288 -185.13 103.078 17.7226 -17.5435 -92.2715 
56.8243 9.82583 -9.45971 -45.7429 142.616 24.5225 -24.2647 -127.378 276.891 47.5392 -47.3838 -260.116 141.092 24.2422 -24.0752 -128.805 
263.658 45.2974 -45.0044 -241.383 88.2019 15.2046 -14.8605 -74.6028 94.7292 16.3091 -16.039 -82.142 181.104 31.1349 -30.8343 -162.528 
208.781 35.8521 -35.7027 -194.544 173.476 29.8209 -29.5456 -156.065 176.759 30.366 -30.1782 -162.149 123.596 21.2636 -20.9846 -108.904 
37.1748 6.42629 -6.1955 -30.0492 48.6211 8.37105 -8.23148 -42.1389 36.8947 6.37243 -6.16932 -30.208 568.255 97.5464 -97.3088 -538.458 
114.062 19.6301 -19.3406 -99.7221 247.546 42.5425 -42.2031 -224.392 23.207 4.04625 -3.73875 -16.9132 193.267 33.1974 -33.0145 -178.163 

0 35.0134 84.4497 267.981 0 11.6113 27.9625 84.8973 0 24.6963 59.5565 187.932 0 12.5 30.133 93.9174 
0 6.88276 16.5255 47.4952 0 17.2944 41.6879 129.701 0 33.5878 81.0493 262.628 0 17.1123 41.271 130.663 
0 31.9782 77.1291 244.748 0 10.6902 25.7228 76.716 0 11.4844 27.6584 84.0808 0 21.9625 52.9471 165.355 
0 25.3248 61.1022 196.682 0 21.0378 50.721 158.712 0 21.4388 51.7109 164.355 0 14.9862 36.1103 111.155 
0 4.50301 10.8139 31.1743 0 5.89448 14.1957 43.1376 0 4.46988 10.7408 31.2591 0 68.9337 166.361 542.906 
0 13.8293 33.3146 101.924 0 30.022 72.3948 227.903 0 2.80603 6.69853 17.9436 0 23.4417 56.5476 180.44 

288.683 84.6101 133.726 532.277 95.7777 28.1021 44.1742 167.812 203.629 59.688 94.2853 373.063 103.078 30.2226 47.6765 186.189 
56.8243 16.7086 25.9852 93.2381 142.616 41.8168 65.9527 257.079 276.891 81.1271 128.433 522.744 141.092 41.3544 65.3462 259.468 
263.658 77.2756 122.133 486.131 88.2019 25.8948 40.5833 151.319 94.7292 27.7934 43.6974 166.223 181.104 53.0974 83.7814 327.883 
208.781 61.1769 96.8049 391.226 173.476 50.8587 80.2666 314.777 176.759 51.8047 81.8891 326.503 123.596 36.2498 57.0949 220.059 
37.1748 10.9293 17.0094 61.2235 48.6211 14.2655 22.4272 85.2765 36.8947 10.8423 16.9101 61.4671 568.255 166.48 263.67 1081.36 
114.062 33.4593 52.6552 201.647 247.546 72.5645 114.598 452.295 23.207 6.85228 10.4373 34.8568 193.267 56.6391 89.5621 358.603 

0 1 2 
3 
4 5 6 
7 8 9 10 11 

0 1 2 3 

0 1 2 
3 
4 5 6 
7 8 9 10 11 

