6
12
1
1
4

11.5441 11.3491 7.69528 9.87231 10.3954 7.7448 11.3664 8.89515 6.18256 6.52003 9.14927 10.6777 

2.53565 1.93421 1.7508 3.19107 1.67532 2.1898 2.03469 3.50179 1.89481 1.93922 2.4933 2.51927 

28.0532 10.3205 23.7615 13.5656 7.19999 13.8331 29.4102 26.8681 23.4379 26.1424 10.3403 30.9848 

1 1 1 1 1 1 1 1 1 1 1 1 

47.3075 44.9311 27.0355 42.7915 47.1616 17.0607 39.4314 21.1748 23.0717 47.6103 18.3704 29.2722 

104.56 92.5385 69.0597 45.6652 33.3233 94.1622 82.6115 109.367 91.7799 49.4091 95.0131 26.7303 

0.446945 0.713374 0.880143 0.521386 0.478747 0.726738 0.79859 0.461172 0.923742 0.73594 0.801506 0.966075 

419.575 439.575 453.125 409.926 467.099 439.599 

9999 9999 9999 9999 9999 9999 

0.997958 
0.966394 
0.998497 
0.997524 
0.998888 
0.997629 

158.145 

3 

40.7813 

0 0.146447 0.5 0.853553 1 

589.842 101.256 -100.989 -557.669 
598.407 102.724 -102.465 -566.515 
637.336 109.403 -109.144 -604.376 
576.051 98.8992 -98.5878 -541.79 
657.269 112.834 -112.523 -620.615 
617.742 106.027 -105.837 -589.915 

0 71.5517 172.674 562.475 
0 72.5911 175.186 571.277 
0 77.3139 186.588 609.294 
0 69.8772 168.621 546.917 
0 79.7307 192.409 626.093 
0 74.9389 180.871 594.058 

589.842 172.808 273.663 1120.14 
598.407 175.315 277.651 1137.79 
637.336 186.717 295.732 1213.67 
576.051 168.776 267.208 1088.71 
657.269 192.565 304.932 1246.71 
617.742 180.966 286.709 1183.97 

0 1 2 3 4 5 6 7 8 9 10 11 

0 

0 1 2 3 4 5 6 7 8 9 10 11 

