6
12
6
6
4

8.49316 10.8774 8.91154 6.52878 10.1455 11.764 7.78098 8.18817 8.1355 6.51972 6.38155 11.6295 

1.82863 1.81378 2.13376 2.36331 2.71524 1.8395 2.55834 3.13372 1.70707 2.30501 2.31077 2.30844 

31.4105 21.7471 22.4211 16.7116 26.4769 10.3807 6.5853 11.3644 17.711 25.1997 27.391 27.5596 

1 1 1 1 1 1 1 1 1 1 1 1 

38.3659 44.5327 42.3279 39.4102 14.1036 26.8189 47.9881 25.5465 44.83 26.88 25.3742 19.0161 

61.9851 45.3304 68.0422 72.9526 97.2054 25.1206 108.516 92.351 107.101 73.6369 37.4962 30.7725 

0.446881 0.91841 0.976521 0.757061 0.713963 0.914296 0.616671 0.566735 0.511943 0.59993 0.490615 0.589655 

414.808 447.405 492.181 466.818 429.978 425.841 

9999 9999 9999 9999 9999 9999 

0.252925 0.0160424 0.210443 0.0173207 0.267447 0.235532 
0.335044 0.0982986 0.125116 0.106313 0.157553 0.177331 
0.224239 0.0296769 0.319085 0.170407 0.0531957 0.202972 
0.106675 0.0818672 0.13409 0.0888715 0.245524 0.342396 
0.270998 0.0603812 0.257126 0.142402 0.0794254 0.189394 
0.0212834 0.550132 0.058758 0.131313 0.0408558 0.197065 

216.957 207.918 83.5925 195.504 107.998 175.211 

3 3 3 3 3 3 

37.0388 12.2963 17.6255 67.0421 28.1135 17.3497 

0 0.146447 0.5 0.853553 1 

147.888 25.4268 -25.17 -132.389 9.52786 1.69841 -1.40041 -5.76179 123.054 21.1594 -20.9341 -109.822 10.2917 1.83638 -1.50623 -6.17954 156.35 26.87 -26.6553 -141.716 137.75 23.6974 -23.393 -121.541 
211.189 36.2653 -36.1156 -196.852 62.056 10.6956 -10.4624 -52.656 79.0061 13.6254 -13.2885 -66.3027 67.1538 11.59 -11.2622 -55.6484 99.4237 17.1198 -16.8243 -85.9473 111.813 19.2156 -19.0641 -101.415 
155.549 26.7349 -26.5086 -140.578 20.6429 3.57142 -3.42923 -16.4906 221.276 38.0049 -37.8125 -204.682 118.276 20.357 -20.0486 -103.213 37.0108 6.40667 -6.13534 -29.3484 140.819 24.2122 -23.9638 -125.949 
70.2529 12.103 -11.865 -60.1214 53.9875 9.33054 -9.00541 -43.7848 88.2396 15.1735 -15.0098 -78.6919 58.5491 10.0953 -9.85543 -49.3106 161.52 27.7538 -27.5542 -147.155 225.282 38.7242 -38.377 -202.987 
164.29 28.2634 -27.8986 -144.913 36.6892 6.3463 -6.09969 -29.3926 155.803 26.7716 -26.5786 -141.931 86.3548 14.8662 -14.6252 -74.9958 48.2273 8.32829 -8.07001 -39.5986 114.821 19.754 -19.4946 -101.167 
12.8851 2.26028 -2.02541 -8.85653 330.07 56.6871 -56.4173 -306.051 35.4242 6.15401 -5.79002 -26.8616 78.9281 13.6141 -13.2671 -66.053 24.6239 4.27474 -4.03596 -18.827 118.269 20.3255 -20.1629 -107.192 

0 17.934 43.2324 134.749 0 1.1466 2.69601 6.41868 0 14.9221 35.9688 111.84 0 1.23825 2.90955 6.89847 0 18.9619 45.7245 143.935 0 16.7027 40.2479 124.022 
0 25.617 61.8074 199.004 0 7.52156 18.1006 54.1151 0 9.57478 23.0317 68.2822 0 8.13713 19.5632 57.4492 0 12.0531 29.0252 88.0254 0 13.5607 32.7005 102.991 
0 18.8644 45.4861 142.851 0 2.50006 6.00039 17.149 0 26.8395 64.7481 207.18 0 14.3399 34.5427 105.528 0 4.48187 10.7529 30.5665 0 17.0766 41.1646 128.214 
0 8.51587 20.4998 61.6893 0 6.53986 15.7078 45.3939 0 10.7003 25.7919 80.148 0 7.09589 17.0713 50.7483 0 19.5896 47.2436 149.33 0 27.3207 65.8713 206.375 
0 19.9206 48.0016 147.88 0 4.44361 10.6666 30.5484 0 18.8962 45.5713 144.031 0 10.4693 25.215 76.7445 0 5.84308 14.0422 40.9536 0 13.9222 33.5465 103.258 
0 1.55596 3.69881 9.52953 0 40.0361 96.5882 309.664 0 4.28652 10.2585 28.2443 0 9.56501 23.0056 68.0612 0 2.98007 7.13541 19.7604 0 14.3435 34.5877 108.872 

147.888 43.3608 68.4024 267.138 9.52786 2.845 4.09642 12.1805 123.054 36.0815 56.9029 221.662 10.2917 3.07462 4.41578 13.078 156.35 45.8319 72.3798 285.651 137.75 40.4001 63.6409 245.564 
211.189 61.8822 97.923 395.856 62.056 18.2172 28.563 106.771 79.0061 23.2002 36.3202 134.585 67.1538 19.7271 30.8254 113.098 99.4237 29.1729 45.8495 173.973 111.813 32.7762 51.7646 204.406 
155.549 45.5993 71.9948 283.429 20.6429 6.07149 9.42962 33.6396 221.276 64.8443 102.561 411.863 118.276 34.6969 54.5913 208.742 37.0108 10.8885 16.8882 59.9149 140.819 41.2888 65.1285 254.163 
70.2529 20.6188 32.3648 121.811 53.9875 15.8704 24.7132 89.1786 88.2396 25.8738 40.8017 158.84 58.5491 17.1912 26.9267 100.059 161.52 47.3433 74.7978 296.485 225.282 66.0449 104.248 409.362 
164.29 48.1841 75.9002 292.792 36.6892 10.7899 16.7663 59.941 155.803 45.6678 72.1499 285.962 86.3548 25.3355 39.8402 151.74 48.2273 14.1714 22.1122 80.5522 114.821 33.6761 53.041 204.425 
12.8851 3.81624 5.72422 18.3861 330.07 96.7231 153.006 615.716 35.4242 10.4405 16.0486 55.1059 78.9281 23.1791 36.2727 134.114 24.6239 7.2548 11.1714 38.5874 118.269 34.669 54.7505 216.064 

0 
1 2 
3 
4 5 6 
7 
8 9 10 11 

0 1 2 3 4 5 

0 
1 2 
3 
4 5 6 
7 
8 9 10 11 

