6
12
5
5
4

9.60285 9.6954 7.35225 8.88496 11.3034 8.81093 10.5613 11.8225 10.9846 7.75238 9.43956 9.82297 

2.62821 2.74213 1.6301 3.47891 1.9497 1.93645 2.99303 3.07545 2.24526 2.98997 2.24029 2.17365 

21.4312 13.1611 20.5654 12.1051 14.8628 31.7241 12.8931 7.73129 11.9893 25.3237 16.3743 19.1988 

1 1 1 1 1 1 1 1 1 1 1 1 

25.8233 33.4625 28.5868 20.914 18.4841 23.0614 16.6584 17.4771 21.3258 28.8534 25.8079 46.0417 

106.685 31.4755 56.3684 54.8569 101.025 87.7025 25.2093 79.8925 33.3358 99.2155 101.201 65.1014 

0.737027 0.862464 0.861917 0.754201 0.938183 0.486875 0.703883 0.992151 0.832352 0.435426 0.532748 0.841655 

480.95 432.68 406.498 498.426 472.566 422.155 

9999 9999 9999 9999 9999 9999 

0.363615 0.0144994 0.0425782 0.226547 0.352269 
0.288209 0.325342 0.115999 0.0687877 0.201302 
0.192516 0.00314998 0.400225 0.0847785 0.318922 
0.206453 0.0457712 0.320442 0.187544 0.239465 
0.187742 0.267768 0.180455 0.185623 0.178085 
0.240564 0.113803 0.268672 0.188168 0.188502 

244.75 173.635 226.94 93.1122 270.365 

3 3 3 3 3 

13.3994 36.4775 44.2844 27.6018 50.6035 

0 0.146447 0.5 0.853553 1 

246.403 42.3207 -42.1058 -227.897 9.90562 1.73424 -1.56949 -6.93178 28.9551 5.01527 -4.78846 -22.7745 153.618 26.4251 -26.0953 -135.789 238.74 41.0152 -40.7556 -218.781 
175.779 30.2223 -29.9169 -157.351 198.34 34.0656 -33.8928 -183.451 70.8513 12.2244 -11.8964 -59.0112 42.1067 7.30257 -6.92842 -32.5827 122.827 21.1396 -20.8222 -107.25 
110.392 19.0135 -18.6607 -94.9043 1.90258 0.365767 -0.191707 -0.738168 229.272 39.3968 -39.1079 -208.684 48.716 8.43293 -8.07551 -38.6267 182.694 31.392 -31.1674 -166.486 
145.02 24.9219 -24.7275 -131.603 32.2532 5.58475 -5.34055 -25.4757 225.058 38.6633 -38.425 -206.484 131.737 22.6387 -22.4641 -119.616 168.252 28.9318 -28.6216 -150.103 
125.085 21.5166 -21.2492 -110.597 178.287 30.6207 -30.469 -165.055 120.172 20.6478 -20.5055 -109.702 123.675 21.2751 -21.0061 -109.232 118.598 20.3787 -20.2312 -108.014 
143.212 24.6477 -24.2795 -125.097 67.7612 11.6673 -11.4684 -58.6298 159.85 27.4722 -27.2493 -144.779 111.959 19.244 -19.0761 -101.024 112.172 19.2864 -19.09 -100.366 

0 29.8872 72.1005 230.683 0 1.19667 2.84853 7.42554 0 3.50591 8.40778 23.7598 0 18.627 44.8872 138.516 0 28.9562 69.8416 221.796 
0 21.3163 51.386 160.158 0 24.0575 58.0367 185.692 0 8.58571 20.6461 60.8611 0 5.09695 12.2124 34.1097 0 14.8917 35.8726 109.644 
0 13.382 32.2192 97.2971 0 0.225061 0.503798 0.970232 0 27.8066 67.059 211.801 0 5.89932 14.1535 40.2306 0 22.1577 53.4374 168.939 
0 17.588 42.4127 133.637 0 3.90551 9.36816 26.5546 0 27.2969 65.8411 209.288 0 15.9771 38.5285 121.453 0 20.4029 49.1796 152.87 
0 15.1672 36.5501 112.814 0 21.6253 52.1701 167.046 0 14.575 35.1516 111.286 0 14.9961 36.1368 111.442 0 14.3838 34.6888 109.616 
0 17.3633 41.8269 127.88 0 8.21476 19.7826 60.0374 0 19.3863 46.747 147.065 0 13.5778 32.7378 102.685 0 13.6028 32.791 102.165 

246.403 72.2079 114.206 458.581 9.90562 2.93091 4.41802 14.3573 28.9551 8.52118 13.1962 46.5343 153.618 45.0521 70.9824 274.305 238.74 69.9714 110.597 440.576 
175.779 51.5387 81.3029 317.508 198.34 58.1231 91.9295 369.143 70.8513 20.8101 32.5426 119.872 42.1067 12.3995 19.1409 66.6924 122.827 36.0314 56.6948 216.894 
110.392 32.3956 50.8799 192.201 1.90258 0.590828 0.695505 1.7084 229.272 67.2035 106.167 420.485 48.716 14.3323 22.2291 78.8573 182.694 53.5497 84.6047 335.424 
145.02 42.5099 67.1401 265.24 32.2532 9.49026 14.7087 52.0303 225.058 65.9603 104.266 415.772 131.737 38.6158 60.9927 241.068 168.252 49.3347 77.8012 302.973 
125.085 36.6838 57.7993 223.411 178.287 52.246 82.6391 332.101 120.172 35.2228 55.6571 220.988 123.675 36.2713 57.1429 220.675 118.598 34.7625 54.9199 217.631 
143.212 42.011 66.1064 252.976 67.7612 19.8821 31.2509 118.667 159.85 46.8585 73.9964 291.843 111.959 32.8218 51.8139 203.709 112.172 32.8892 51.881 202.531 

0 1 
2 
3 4 5 6 7 8 9 
10 
11 

0 1 2 3 4 

0 1 
2 
3 4 5 6 7 8 9 
10 
11 

