6
12
6
6
4

9.98076 11.8263 9.62792 11.9303 9.20909 7.81561 8.86766 10.0268 6.86173 11.426 9.67291 7.16207 

2.41245 2.70138 2.83993 3.0792 1.77837 2.08885 1.6436 2.75345 2.77258 2.08752 2.86403 3.2116 

6.93906 16.936 24.8698 20.5573 12.6642 21.3216 27.9055 6.02176 27.9045 13.4797 21.6195 29.9039 

1 1 1 1 1 1 1 1 1 1 1 1 

15.6699 25.4253 32.0637 47.9874 40.283 18.8151 34.396 37.9229 25.3664 17.2793 33.0734 43.2201 

82.4527 101.444 73.287 33.7546 88.2923 97.573 104.009 27.2633 80.2413 74.156 76.4836 43.4395 

0.699689 0.566568 0.461069 0.432168 0.89811 0.584219 0.415185 0.600314 0.798036 0.881357 0.882985 0.483533 

482.56 451.04 496.141 424.644 419.151 440.157 

9999 9999 9999 9999 9999 9999 

0.253359 0.0450178 0.172831 0.160845 0.221136 0.146536 
0.00822942 0.0456186 0.225659 0.260153 0.321416 0.138477 
0.192524 0.154662 0.180772 0.177163 0.186851 0.107832 
0.0182655 0.263824 0.283052 0.0246826 0.299396 0.110432 
0.244558 0.0520885 0.086255 0.237631 0.320168 0.0589596 
0.163102 0.225033 0.00382229 0.181298 0.140595 0.285803 

150.975 268.829 129.274 264.966 287.879 190.164 

3 3 3 3 3 3 

58.958 44.1746 12.6385 15.3587 14.2004 15.8114 

0 0.146447 0.5 0.853553 1 

172.341 29.6325 -29.3266 -154.085 30.6723 5.29449 -5.141 -25.3559 117.588 20.2279 -19.9722 -103.858 109.477 18.8511 -18.525 -94.6243 150.426 25.8661 -25.5911 -134.263 99.6965 17.1499 -16.9346 -88.0953 
5.38789 0.989174 -0.692946 -2.69398 29.1511 5.07275 -4.73293 -21.6893 143.431 24.6443 -24.473 -130.881 165.409 28.4428 -28.1389 -147.596 204.335 35.1254 -34.8018 -183.846 88.1445 15.1977 -14.8396 -74.2934 
134.64 23.1482 -22.9187 -120.654 108.211 18.6247 -18.3422 -94.4224 126.389 21.7158 -21.5667 -115.398 123.89 21.2967 -21.1012 -111.489 130.712 22.4889 -22.1888 -115.047 75.4801 13.0053 -12.7409 -64.4213 
11.0765 1.96295 -1.669 -6.99603 157.926 27.1558 -26.8666 -140.943 169.431 29.1321 -28.8315 -151.488 14.8934 2.6095 -2.35234 -10.3472 179.19 30.7999 -30.5308 -161.677 66.2081 11.4273 -11.1016 -54.8239 
144.516 24.8568 -24.5589 -128.068 30.9321 5.38269 -5.0221 -23.0144 51.0815 8.83183 -8.50742 -41.1866 140.366 24.1199 -23.9425 -127.747 189.155 32.5181 -32.2089 -169.898 34.9781 6.07273 -5.7312 -26.7177 
101.248 17.43 -17.1481 -87.9438 139.603 23.9954 -23.7867 -125.988 2.45847 0.45757 -0.295623 -1.1363 112.489 19.3426 -19.138 -100.434 87.3244 15.0526 -14.7155 -73.9289 177.331 30.4918 -30.1705 -158.359 

0 20.8992 50.3787 156.867 0 3.71649 8.93423 26.1887 0 14.258 34.3581 105.959 0 13.2719 31.96 96.9147 0 18.2414 43.97 136.727 0 12.0887 29.1309 89.8704 
0 0.644177 1.48524 3.19322 0 3.52619 8.42903 22.9022 0 17.3959 41.9545 132.779 0 20.0582 48.3491 150.312 0 24.7801 59.7438 186.961 0 10.6828 25.7015 76.4484 
0 16.3276 39.3611 122.783 0 13.1196 31.6031 96.5416 0 15.329 36.9702 117.06 0 15.0244 36.2234 113.375 0 15.8489 38.1877 117.447 0 9.14922 22.0223 66.1343 
0 1.33465 3.15062 7.69753 0 19.1508 46.162 143.533 0 20.5463 49.528 154.222 0 1.79893 4.27985 11.1039 0 21.7312 52.3966 164.337 0 8.02246 19.2869 56.6062 
0 17.5237 42.2315 130.582 0 3.74163 8.94402 24.3014 0 6.18732 14.8569 42.7503 0 17.0239 41.0551 129.657 0 22.939 55.3024 172.827 0 4.23309 10.1351 28.0482 
0 12.2749 29.564 89.9919 0 16.9304 40.8214 128.056 0 0.293025 0.669621 1.38718 0 13.641 32.8813 102.272 0 10.584 25.468 76.0098 0 21.504 51.8352 161.251 

172.341 50.5316 79.7053 310.952 30.6723 9.01098 14.0752 51.5446 117.588 34.4859 54.3303 209.818 109.477 32.123 50.485 191.539 150.426 44.1076 69.5611 270.99 99.6965 29.2386 46.0656 177.966 
5.38789 1.63335 2.17818 5.8872 29.1511 8.59894 13.162 44.5914 143.431 42.0402 66.4275 263.66 165.409 48.501 76.488 297.908 204.335 59.9056 94.5456 370.808 88.1445 25.8805 40.5411 150.742 
134.64 39.4758 62.2798 243.438 108.211 31.7443 49.9453 190.964 126.389 37.0448 58.5369 232.459 123.89 36.3212 57.3246 224.864 130.712 38.3378 60.3765 232.494 75.4801 22.1545 34.7633 130.556 
11.0765 3.2976 4.81962 14.6936 157.926 46.3066 73.0286 284.476 169.431 49.6783 78.3595 305.71 14.8934 4.40843 6.63219 21.4511 179.19 52.5311 82.9274 326.014 66.2081 19.4498 30.3885 111.43 
144.516 42.3805 66.7905 258.649 30.9321 9.12431 13.9661 47.3157 51.0815 15.0191 23.3644 83.9369 140.366 41.1438 64.9976 257.404 189.155 55.457 87.5113 342.725 34.9781 10.3058 15.8663 54.7659 
101.248 29.705 46.7121 177.936 139.603 40.9258 64.608 254.044 2.45847 0.750595 0.965244 2.52348 112.489 32.9836 52.0193 202.706 87.3244 25.6365 40.1836 149.939 177.331 51.9958 82.0056 319.611 

0 
1 2 
3 4 5 6 7 
8 9 10 
11 


0 1 2 3 4 5 

0 
1 2 
3 4 5 6 7 
8 9 10 
11 


