6
12
6
6
4

11.1581 9.00707 6.5828 9.40753 7.54918 8.91202 9.18571 6.59678 9.71227 6.1899 6.17424 10.2159 

1.94187 2.14883 1.76858 2.69835 2.83477 3.28933 2.31888 2.32061 2.75175 1.8315 1.68069 1.88325 

14.6403 7.00924 31.0328 19.443 17.7489 17.1727 6.7071 24.7763 16.0464 12.8209 18.9687 15.9107 

1 1 1 1 1 1 1 1 1 1 1 1 

28.0473 30.9307 43.4487 33.836 40.6924 46.0297 45.1518 29.1067 40.7084 33.0346 33.9996 18.6888 

37.2822 31.0506 71.2619 30.1351 40.9555 61.583 70.6504 22.616 38.861 81.0899 52.4548 66.7966 

0.859532 0.414072 0.714104 0.574062 0.883863 0.646738 0.91066 0.478505 0.815525 0.408135 0.658241 0.913581 

408.212 463.077 464.546 405.879 462.008 447.21 

9999 9999 9999 9999 9999 9999 

0.057176 0.298029 0.145254 0.29471 0.0483789 0.156109 
0.290628 0.0734046 0.0263611 0.0443483 0.27936 0.285296 
0.137847 0.192709 0.10851 0.182 0.157991 0.220678 
0.0541811 0.233147 0.102802 0.217515 0.274401 0.117616 
0.0570222 0.0769709 0.270536 0.207884 0.287874 0.0994236 
0.0623125 0.181751 0.229427 0.117174 0.0754742 0.333519 

236.885 247.694 242.61 173.981 95.5714 267.54 

3 3 3 3 3 3 

69.8116 70.7431 31.3864 48.6027 18.8018 16.4675 

0 0.146447 0.5 0.853553 1 

33.0696 5.75563 -5.36544 -24.5583 171.469 29.473 -29.2151 -154.699 83.6409 14.4054 -14.1411 -71.9686 169.578 29.1554 -28.8642 -151.9 27.9027 4.82413 -4.64763 -22.5076 89.8834 15.4772 -15.2095 -77.6888 
189.695 32.6098 -32.3048 -170.536 47.9621 8.26582 -8.08871 -40.7567 17.3287 3.02932 -2.76227 -12.3 29.0092 5.01272 -4.84216 -23.5877 182.299 31.321 -31.1111 -166.629 186.217 32.0128 -31.7089 -167.273 
90.3159 15.5492 -15.2919 -78.3194 126.23 21.7195 -21.4214 -110.898 71.0944 12.2399 -12.0374 -61.6506 119.2 20.5038 -20.2515 -105.461 103.451 17.7848 -17.6141 -92.8687 144.526 24.8577 -24.5637 -128.182 
31.1396 5.4121 -5.08068 -23.4912 133.388 22.9333 -22.704 -119.476 58.9452 10.1883 -9.82893 -47.7418 124.477 21.4147 -21.1359 -109.734 156.99 26.9912 -26.7213 -140.615 67.3672 11.614 -11.3464 -56.8915 
37.2174 6.43283 -6.20572 -30.1406 50.2174 8.6715 -8.40472 -41.2665 176.121 30.255 -30.0747 -161.822 135.438 23.3091 -22.964 -118.379 187.419 32.2 -31.9875 -171.427 64.8135 11.1703 -10.9295 -55.0472 
39.429 6.84022 -6.48012 -30.3977 114.551 19.6858 -19.5315 -103.927 144.61 24.8565 -24.6382 -130.441 73.9514 12.7507 -12.4496 -62.3186 47.644 8.21896 -8.00485 -39.7922 210.151 36.0934 -35.9142 -194.538 

0 4.00003 9.56057 25.9427 0 20.7949 50.1389 157.247 0 10.1393 24.4126 73.7714 0 20.5644 49.5742 154.592 0 3.37977 8.11565 23.3601 0 10.8965 26.2399 79.5693 
0 23.0046 55.462 173.45 0 5.81339 13.9907 41.8746 0 2.0941 4.9899 13.1309 0 3.5142 8.44164 24.442 0 22.1102 53.3262 168.998 0 22.5826 54.4435 170.155 
0 10.9493 26.3699 80.1672 0 15.3052 36.8756 113.249 0 8.61904 20.7577 63.1052 0 14.4537 34.8314 107.562 0 12.5455 30.245 94.4789 0 17.525 42.2357 130.679 
0 3.76771 9.01409 24.7284 0 16.1757 38.9943 121.595 0 7.14029 17.1489 49.5095 0 15.0931 36.3684 111.992 0 19.0378 45.8941 143.109 0 8.16486 19.6451 58.5203 
0 4.5083 10.8276 31.2573 0 6.08426 14.6224 42.6716 0 21.3616 51.5264 163.98 0 16.4209 39.5574 120.999 0 22.7312 54.825 173.844 0 7.85586 18.9057 56.5626 
0 4.77251 11.4327 31.8476 0 13.8926 33.5012 105.538 0 17.5375 42.2849 132.594 0 8.96263 21.5628 64.1286 0 5.77366 13.8856 41.0178 0 25.4902 61.494 196.888 

33.0696 9.75566 14.926 50.5009 171.469 50.2679 79.354 311.946 83.6409 24.5447 38.5536 145.74 169.578 49.7198 78.4384 306.492 27.9027 8.2039 12.7633 45.8677 89.8834 26.3737 41.4493 157.258 
189.695 55.6144 87.7668 343.986 47.9621 14.0792 22.0794 82.6313 17.3287 5.12342 7.75216 25.4309 29.0092 8.52692 13.2838 48.0296 182.299 53.4312 84.4373 335.627 186.217 54.5954 86.1523 337.428 
90.3159 26.4985 41.6618 158.487 126.23 37.0246 58.297 224.147 71.0944 20.859 32.7951 124.756 119.2 34.9575 55.0829 213.023 103.451 30.3304 47.859 187.348 144.526 42.3827 66.7994 258.861 
31.1396 9.17981 14.0948 48.2196 133.388 39.109 61.6984 241.071 58.9452 17.3286 26.9778 97.2513 124.477 36.5078 57.5043 221.726 156.99 46.029 72.6154 283.724 67.3672 19.7789 30.9915 115.412 
37.2174 10.9411 17.0333 61.3978 50.2174 14.7558 23.0271 83.9381 176.121 51.6166 81.6011 325.802 135.438 39.73 62.5215 239.379 187.419 54.9313 86.8124 345.272 64.8135 19.0262 29.8352 111.61 
39.429 11.6127 17.9128 62.2454 114.551 33.5784 53.0327 209.465 144.61 42.394 66.9231 263.035 73.9514 21.7133 34.0124 126.447 47.644 13.9926 21.8904 80.81 210.151 61.5836 97.4081 391.426 

0 
1 2 3 4 
5 
6 7 8 
9 
10 11 

0 1 2 3 4 5 

0 
1 2 3 4 
5 
6 7 8 
9 
10 11 

