6
12
5
5
4

6.52539 6.99221 10.5538 8.91035 10.7995 6.79996 10.8307 11.8898 10.1352 6.87073 10.8769 10.447 

3.4758 1.87175 3.41621 3.2662 2.64002 3.38423 3.1392 3.37223 2.41157 2.59955 3.28087 3.4333 

8.81149 22.5691 14.2089 30.0163 17.7126 26.4931 26.0284 25.9496 32.0966 21.4326 29.1962 29.7259 

1 1 1 1 1 1 1 1 1 1 1 1 

35.7065 45.082 43.6098 46.169 45.7592 33.9385 45.659 39.3861 27.5907 27.37 47.6228 16.7354 

58.7659 83.4639 36.6708 97.9264 109.777 100.988 35.4971 37.3035 44.638 26.282 97.317 97.823 

0.732274 0.472454 0.633933 0.648109 0.5587 0.675193 0.985845 0.977275 0.834112 0.44907 0.496589 0.422408 

426.662 483.421 446.904 485.081 481.156 486.848 

9999 9999 9999 9999 9999 9999 

0.237737 0.399425 0.166279 0.0728761 0.123086 
0.153288 0.449455 0.0556863 0.0689892 0.271886 
0.0883498 0.265225 0.382059 0.106201 0.157687 
0.344739 0.171412 0.265813 0.0394537 0.178219 
0.205551 0.316229 0.0653219 0.221961 0.190524 
0.24036 0.0820597 0.169459 0.0542535 0.453164 

94.244 93.3987 192.419 201.728 283.533 

3 3 3 3 3 

29.8949 60.4178 71.5138 18.4568 31.304 

0 0.146447 0.5 0.853553 1 

142.982 24.5841 -24.3318 -127.879 240.162 41.2672 -40.9688 -218.745 100.085 17.2418 -16.9055 -85.7064 43.8864 7.56923 -7.3793 -36.7809 74.0411 12.7363 -12.5779 -65.4613 
104.439 17.9501 -17.7998 -94.4392 306.17 52.5991 -52.2678 -280.632 38.0377 6.5777 -6.33081 -30.5944 47.0424 8.1011 -7.95718 -40.5781 185.248 31.8413 -31.563 -167.142 
55.6887 9.58821 -9.42673 -48.2286 167.034 28.7005 -28.4983 -152.325 240.623 41.3484 -41.04 -218.839 66.9986 11.5593 -11.251 -55.8347 99.3809 17.1057 -16.8425 -86.6302 
235.641 40.4818 -40.2304 -216.123 117.207 20.1524 -19.9459 -104.834 181.736 31.2393 -30.9586 -163.733 27.0433 4.67697 -4.49916 -21.7197 121.865 20.9551 -20.7322 -108.77 
139.423 23.9763 -23.7109 -124.151 214.408 36.8352 -36.6005 -196.426 44.3998 7.67352 -7.40614 -36.009 150.498 25.8575 -25.6832 -137.526 129.204 22.208 -22.0147 -116.599 
164.882 28.3211 -28.1672 -152.082 56.3346 9.69433 -9.55544 -49.3497 116.319 20.0102 -19.7547 -102.672 37.3243 6.45544 -6.20796 -29.9482 310.86 53.3948 -53.1067 -286.812 

0 17.3389 41.7968 130.18 0 29.1275 70.2455 221.987 0 12.1322 29.2058 87.9311 0 5.31853 12.7928 37.8886 0 8.97787 21.635 66.7738 
0 12.666 30.5409 95.9568 0 37.1346 89.568 284.489 0 4.6072 11.0615 31.7717 0 5.70282 13.732 41.5757 0 22.4659 54.1681 169.892 
0 6.75125 16.2587 49.3782 0 20.2585 48.8579 154.55 0 29.1831 70.3773 222.139 0 8.1189 19.5241 57.5785 0 12.0489 29.023 88.5906 
0 28.5804 68.9365 219.07 0 14.2133 34.2625 106.719 0 22.0398 53.1387 166.469 0 3.27547 7.86354 22.5622 0 14.778 35.6216 110.767 
0 16.9068 40.7504 126.481 0 26.0049 62.7227 199.142 0 5.37844 12.9183 37.3323 0 18.2531 44.0235 139.487 0 15.6692 37.7806 118.513 
0 19.9988 48.243 154.011 0 6.83031 16.4552 50.4217 0 14.1041 33.9865 104.761 0 4.52064 10.8523 31.1159 0 37.7049 90.9556 290.435 

142.982 41.923 66.1286 258.059 240.162 70.3947 111.214 440.733 100.085 29.374 46.1114 173.638 43.8864 12.8878 20.1721 74.6696 74.0411 21.7142 34.2128 132.235 
104.439 30.6161 48.3407 190.396 306.17 89.7337 141.836 565.122 38.0377 11.1849 17.3923 62.3661 47.0424 13.8039 21.6891 82.1538 185.248 54.3072 85.7311 337.034 
55.6887 16.3395 25.6854 97.6068 167.034 48.959 77.3562 306.875 240.623 70.5315 111.417 440.978 66.9986 19.6782 30.7751 113.413 99.3809 29.1547 45.8656 175.221 
235.641 69.0622 109.167 435.192 117.207 34.3658 54.2084 211.553 181.736 53.279 84.0973 330.202 27.0433 7.95245 12.3627 44.2818 121.865 35.733 56.3538 219.537 
139.423 40.8831 64.4613 250.632 214.408 62.8401 99.3232 395.568 44.3998 13.052 20.3244 73.3413 150.498 44.1106 69.7067 277.013 129.204 37.8772 59.7952 235.112 
164.882 48.32 76.4102 306.093 56.3346 16.5246 26.0106 99.7713 116.319 34.1143 53.7413 207.434 37.3243 10.9761 17.0603 61.064 310.86 91.0997 144.062 577.247 

0 1 2 
3 
4 
5 6 7 8 9 
10 11 

0 1 2 3 4 

0 1 2 
3 
4 
5 6 7 8 9 
10 11 

