6
12
2
2
4

9.34536 11.9091 7.76207 7.2653 10.8546 6.71467 8.85951 6.42054 8.14316 9.75578 10.6936 9.19708 

2.4524 2.27649 1.82934 2.54779 1.8634 2.77927 1.93964 1.79767 3.35656 3.27221 3.03892 1.90945 

27.9104 29.6956 28.8501 28.8408 7.35982 21.276 22.0968 30.3864 15.0882 14.1353 11.2893 20.6625 

1 1 1 1 1 1 1 1 1 1 1 1 

22.156 27.8489 15.4814 17.2049 29.4539 34.1505 34.9672 30.2753 36.3428 20.5723 24.5955 26.8033 

51.0262 22.9732 61.7967 56.0034 90.826 54.1677 74.6672 42.2305 25.6786 76.0887 60.4757 55.9396 

0.837616 0.869969 0.99188 0.581058 0.815246 0.582571 0.540194 0.896062 0.554481 0.46584 0.538598 0.583245 

426.044 469.785 461.845 480.19 418.762 430.524 

9999 9999 9999 9999 9999 9999 

0.374984 0.624337 
0.989271 0.00919717 
0.563466 0.435447 
0.818531 0.176115 
0.551795 0.447417 
0.432894 0.566446 

263.173 147.075 

3 3 

23.1759 42.2077 

0 0.146447 0.5 0.853553 1 

225.157 38.6959 -38.3823 -203.939 374.79 64.3748 -64.0322 -345.992 
654.656 112.373 -112.121 -621.652 6.24224 1.13471 -0.841069 -3.31423 
366.614 62.9467 -62.7263 -343.653 283.383 48.6823 -48.3858 -260.132 
553.633 95.0195 -94.869 -530.141 119.242 20.5164 -20.2387 -104.854 
325.51 55.8814 -55.7237 -307.161 263.952 45.3199 -45.1611 -247.411 
262.576 45.0912 -44.8965 -244.353 343.571 58.9955 -58.7639 -320.814 

0 27.3066 65.8457 207.157 0 45.4592 109.663 350.33 
0 79.4154 191.663 626.574 0 0.747979 1.73587 3.84685 
0 44.471 107.308 347.093 0 34.3711 82.9052 263.642 
0 67.1623 162.107 533.634 0 14.4581 34.8356 107.06 
0 39.4862 95.2888 309.904 0 32.0179 77.2584 249.89 
0 31.8499 76.8437 247.09 0 41.6751 100.555 324.229 

225.157 66.0024 104.228 411.095 374.79 109.834 173.695 696.322 
654.656 191.789 303.783 1248.23 6.24224 1.88269 2.57694 7.16108 
366.614 107.418 170.034 690.746 283.383 83.0534 131.291 523.774 
553.633 162.182 256.976 1063.78 119.242 34.9745 55.0743 211.914 
325.51 95.3677 151.012 617.065 263.952 77.3378 122.419 497.301 
262.576 76.9411 121.74 491.443 343.571 100.671 159.319 645.043 

0 1 2 3 4 5 6 7 
8 9 10 11 

0 1 

0 1 2 3 4 5 6 7 
8 9 10 11 

