6
12
3
3
4

10.9737 10.4338 11.6348 11.2459 8.82339 9.58139 10.9957 9.82594 9.44233 9.8446 8.63137 7.31482 

2.95131 3.46497 3.19929 2.77831 1.93391 2.8912 2.6301 2.50424 3.22589 2.79456 3.30117 2.5551 

29.8701 12.1543 27.4933 22.8372 27.0009 20.2179 8.97391 9.80112 21.3828 11.8767 31.1503 31.0753 

1 1 1 1 1 1 1 1 1 1 1 1 

27.2926 32.6593 36.2763 40.3194 43.6573 33.6025 31.2539 22.2485 30.1258 35.3543 44.5487 44.0437 

84.2808 104.174 109.589 92.0546 80.6363 25.3843 26.7437 58.0921 109.577 103.307 89.6137 107.137 

0.921354 0.696644 0.961511 0.557671 0.64749 0.820546 0.888611 0.410474 0.435234 0.842763 0.600142 0.510259 

478.022 456.078 421.069 467.655 400.907 448.772 

9999 9999 9999 9999 9999 9999 

0.470021 0.133812 0.395647 
0.481495 0.147836 0.369894 
0.641173 0.0813308 0.276756 
0.0496986 0.473569 0.475888 
0.266082 0.340965 0.392511 
0.362862 0.548363 0.0882078 

236.215 138.817 107.901 

3 3 3 

49.3917 67.4724 28.937 

0 0.146447 0.5 0.853553 1 

316.601 54.39 -54.053 -290.405 90.1895 15.5168 -15.3108 -79.4081 266.472 45.7652 -45.5441 -246.938 
309.387 53.1286 -52.906 -288.229 95.1021 16.3762 -16.091 -82.1573 237.764 40.8649 -40.5221 -214.979 
380.329 65.2962 -65.0929 -357.832 48.3848 8.36519 -8.05975 -39.0384 164.269 28.2454 -27.9502 -146.766 
32.829 5.67228 -5.48168 -26.7298 311.979 53.5572 -53.4121 -294.748 313.54 53.8393 -53.6256 -292.659 
150.433 25.8919 -25.4986 -131.25 192.62 33.0913 -32.8843 -176.609 221.759 38.1047 -37.83 -202.012 
229.447 39.4106 -39.1993 -211.75 346.755 59.5644 -59.2233 -319.142 55.8641 9.63182 -9.40558 -47.0977 

0 38.3999 92.6214 294.361 0 10.9356 26.3494 81.0598 0 32.3217 77.9764 249.877 
0 37.5282 90.5456 291.407 0 11.5291 27.7628 84.1538 0 28.8352 69.5287 218.437 
0 46.1354 111.33 361.198 0 5.86074 14.0732 40.5151 0 19.9202 48.018 149.433 
0 3.97701 9.55399 27.6904 0 37.845 91.3296 297.322 0 38.0323 91.7648 295.792 
0 18.2386 43.9339 134.199 0 23.3625 56.3503 179.027 0 26.8955 64.8628 205.001 
0 27.8301 67.1351 214.416 0 42.058 101.452 323.306 0 6.77057 16.2893 48.4615 

316.601 92.7899 146.674 584.766 90.1895 26.4524 41.6602 160.468 266.472 78.0869 123.52 496.815 
309.387 90.6569 143.452 579.636 95.1021 27.9053 43.8538 166.311 237.764 69.7001 110.051 433.416 
380.329 111.432 176.423 719.03 48.3848 14.2259 22.133 79.5535 164.269 48.1656 75.9682 296.199 
32.829 9.64929 15.0357 54.4202 311.979 91.4022 144.742 592.07 313.54 91.8716 145.39 588.451 
150.433 44.1306 69.4325 265.449 192.62 56.4538 89.2346 355.637 221.759 65.0002 102.693 407.013 
229.447 67.2408 106.334 426.166 346.755 101.622 160.675 642.448 55.8641 16.4024 25.6948 95.5591 

0 1 2 
3 4 5 6 7 8 
9 10 11 

0 1 2 

0 1 2 
3 4 5 6 7 8 
9 10 11 

