6
12
9
9
4

7.00299 6.96495 8.36248 6.2083 7.20568 10.6002 10.8562 9.53471 9.52207 10.3764 7.23429 10.2191 

2.00595 1.83998 2.59286 2.46369 2.92358 3.20666 1.97813 1.7161 1.93767 2.05047 2.64526 2.26578 

22.5297 18.1928 17.5258 27.4871 24.4744 24.446 21.6053 29.4842 21.433 12.9741 16.586 11.6634 

1 1 1 1 1 1 1 1 1 1 1 1 

18.1321 45.1005 22.1472 25.9883 44.2155 44.7232 17.2697 15.716 41.6918 32.2056 37.0527 22.6274 

42.4108 31.325 102.334 109.822 79.0873 49.8822 36.2616 103.457 103.531 23.9569 78.9492 82.3127 

0.968155 0.768536 0.739699 0.4214 0.604889 0.851487 0.546489 0.68143 0.715914 0.958911 0.666003 0.409706 

485.241 400.508 447.595 476.086 466.833 478.593 

9999 9999 9999 9999 9999 9999 

0.0739176 0.153585 0.121134 0.194981 0.057531 0.0589147 0.0168391 0.118272 0.204595 
0.065472 0.158326 0.183337 0.113427 0.104499 0.0174939 0.0426927 0.108115 0.206414 
0.138906 0.00124704 0.103373 0.131574 0.132872 0.164823 0.0172232 0.140717 0.169087 
0.184045 0.158564 0.0640691 0.129899 0.0856371 0.0814883 0.122689 0.0607757 0.112646 
0.0829912 0.250619 0.204116 0.0324389 0.0101672 0.136821 0.106096 0.056214 0.120271 
0.226544 0.215835 0.0155988 0.0117432 0.131183 0.0440862 0.230934 0.0272593 0.0965675 

159.586 102.805 162.279 274.494 253.416 213.144 210.98 201.572 88.8485 

3 3 3 3 3 3 3 3 3 

47.9824 20.6365 58.6446 56.1187 52.0024 18.3346 18.134 28.2192 29.2642 

0 0.146447 0.5 0.853553 1 

50.6451 8.74315 -8.48466 -41.7853 105.081 18.0796 -17.8362 -92.435 82.9344 14.292 -13.9903 -70.5628 133.415 22.959 -22.6287 -116.841 39.4594 6.82917 -6.54632 -31.3746 40.365 6.96809 -6.76368 -33.3294 11.612 2.03517 -1.83189 -8.04586 80.8992 13.9101 -13.7656 -72.3031 139.89 24.0305 -23.8898 -128.632 
37.0178 6.38749 -6.21338 -30.7853 89.3981 15.3767 -15.1917 -79.2045 103.525 17.8088 -17.5843 -91.4537 64.1497 11.0767 -10.7391 -52.7658 59.1015 10.2054 -9.89236 -48.5816 9.96103 1.74743 -1.56546 -6.84363 24.2817 4.2485 -3.85697 -17.0917 61.1729 10.5738 -10.1986 -49.5125 116.533 20.0364 -19.8312 -104.235 
87.648 15.0732 -14.9038 -77.9778 0.884123 0.188718 -0.0355709 -0.196546 65.2638 11.2389 -11.0396 -56.3023 83.1039 14.3258 -14.0014 -70.2875 83.8432 14.4201 -14.2522 -74.4323 104.057 17.9179 -17.6069 -89.9149 10.961 1.92329 -1.72101 -7.51519 88.7976 15.2737 -15.0886 -78.6364 106.765 18.3914 -18.0385 -91.5463 
123.486 21.221 -21.0558 -112.07 106.395 18.2867 -18.1316 -96.1438 43.067 7.43396 -7.21857 -35.6043 87.1808 14.9924 -14.8259 -77.6136 57.5576 9.93227 -9.65865 -47.8183 54.7193 9.42191 -9.2603 -47.3247 82.4237 14.2081 -13.8885 -69.7513 40.8799 7.06745 -6.81048 -32.9987 75.6204 13.0121 -12.8304 -66.358 
54.6518 9.413 -9.23861 -46.9901 164.878 28.3313 -28.125 -150.124 134.317 23.0934 -22.8607 -120.255 21.3988 3.70083 -3.5599 -17.183 6.82276 1.22685 -0.965421 -3.88416 90.0397 15.4832 -15.3155 -80.2815 69.8744 12.038 -11.8001 -59.7717 37.0385 6.38769 -6.22961 -31.081 79.228 13.6568 -13.3519 -67.0922 
152.829 26.2753 -26.0149 -136.954 145.615 25.0394 -24.7703 -129.888 10.6545 1.88556 -1.61482 -6.80243 8.03906 1.42989 -1.19269 -4.93959 88.5323 15.2356 -15.0146 -77.4881 29.8692 5.1881 -4.88536 -22.6942 155.786 26.7819 -26.5252 -139.865 18.5372 3.24772 -2.92871 -12.8872 65.1815 11.2214 -11.0385 -56.5854 

0 6.13641 14.7503 43.1742 0 12.7411 30.699 94.373 0 10.0524 24.1936 72.4813 0 16.1759 38.9698 119.385 0 4.77858 11.4663 32.6586 0 4.89086 11.7567 34.432 0 1.4025 3.33603 8.63998 0 9.81033 23.6482 73.613 0 16.9672 40.9274 130.33 
0 4.48571 10.7861 31.7596 0 10.8402 26.1244 80.7627 0 12.5529 30.2494 93.3009 0 7.77238 18.6802 54.5523 0 7.16067 17.2095 50.2329 0 1.20285 2.8593 7.36449 0 2.93379 6.98653 18.2831 0 7.41006 17.7963 51.3528 0 14.1315 34.0654 106.109 
0 10.6283 25.6168 79.4538 0 0.10184 0.213984 0.351385 0 7.91176 19.051 57.6852 0 10.0723 24.236 72.2791 0 10.1668 24.5029 75.8698 0 12.6147 30.3772 92.0959 0 1.32354 3.14569 8.09133 0 10.7673 25.9485 80.1899 0 12.9421 31.157 93.8998 
0 14.9763 36.1147 113.8 0 12.9032 31.1123 97.7 0 5.21833 12.5446 36.7733 0 10.5717 25.4809 79.0736 0 6.97457 16.77 49.3414 0 6.63364 15.9748 48.4648 0 9.98994 24.0383 71.7201 0 4.95172 11.8907 34.2437 0 9.16877 22.09 67.7787 
0 6.62507 15.9509 48.1738 0 19.9967 48.2249 152.357 0 16.2883 39.2653 122.396 0 2.5918 6.22216 17.8502 0 0.819501 1.91564 4.40694 0 10.9186 26.3179 81.7698 0 8.46995 20.389 61.3354 0 4.48871 10.7974 32.0093 0 9.60269 23.107 68.9772 
0 18.5333 44.6784 139.371 0 17.6579 42.5627 132.286 0 1.28419 3.03438 7.46228 0 0.967891 2.27918 5.47736 0 10.734 25.8592 79.1836 0 3.61446 8.65119 23.852 0 18.8922 45.5458 142.288 0 2.2391 5.32731 13.8274 0 7.90228 19.0322 57.909 

50.6451 14.8796 23.235 84.9595 105.081 30.8207 48.5352 186.808 82.9344 24.3445 38.1839 143.044 133.415 39.1349 61.5985 236.225 39.4594 11.6077 18.0126 64.0333 40.365 11.859 18.5204 67.7614 11.612 3.43767 5.16792 16.6858 80.8992 23.7204 37.4137 145.916 139.89 40.9977 64.8172 258.962 
37.0178 10.8732 16.9995 62.5448 89.3981 26.2169 41.3161 159.967 103.525 30.3617 47.8337 184.755 64.1497 18.849 29.4193 107.318 59.1015 17.3661 27.1019 98.8145 9.96103 2.95029 4.42477 14.2081 24.2817 7.18229 10.8435 35.3747 61.1729 17.9839 27.9948 100.865 116.533 34.168 53.8966 210.344 
87.648 25.7015 40.5206 157.432 0.884123 0.290557 0.249555 0.547931 65.2638 19.1507 30.0906 113.987 83.1039 24.3981 38.2374 142.567 83.8432 24.5868 38.7551 150.302 104.057 30.5327 47.9841 182.011 10.961 3.24683 4.8667 15.6065 88.7976 26.041 41.037 158.826 106.765 31.3335 49.1955 185.446 
123.486 36.1973 57.1705 225.87 106.395 31.1899 49.2439 193.844 43.067 12.6523 19.7632 72.3776 87.1808 25.5642 40.3067 156.687 57.5576 16.9068 26.4287 97.1597 54.7193 16.0556 25.2351 95.7895 82.4237 24.1981 37.9268 141.471 40.8799 12.0192 18.7012 67.2424 75.6204 22.1809 34.9205 134.137 
54.6518 16.0381 25.1895 95.1638 164.878 48.328 76.3499 302.481 134.317 39.3817 62.126 242.651 21.3988 6.29263 9.78206 35.0332 6.82276 2.04635 2.88106 8.2911 90.0397 26.4017 41.6334 162.051 69.8744 20.508 32.189 121.107 37.0385 10.8764 17.027 63.0903 79.228 23.2594 36.459 136.069 
152.829 44.8087 70.6933 276.324 145.615 42.6972 67.3329 262.175 10.6545 3.16975 4.64919 14.2647 8.03906 2.39778 3.47187 10.417 88.5323 25.9697 40.8737 156.672 29.8692 8.80256 13.5365 46.5463 155.786 45.6741 72.0711 282.153 18.5372 5.48682 8.25602 26.7146 65.1815 19.1236 30.0707 114.494 

0 
1 
2 
3 4 
5 
6 
7 
8 9 10 
11 

0 1 2 3 4 5 6 7 8 

0 
1 
2 
3 4 
5 
6 
7 
8 9 10 
11 

