6
12
8
8
4

9.94586 9.36604 10.6398 11.2801 7.95427 8.36543 8.76391 10.4967 6.01697 11.7583 8.79501 10.0419 

3.494 2.88904 1.65691 1.94544 3.33888 2.14438 2.54328 2.56031 3.40154 3.15012 3.25709 2.2477 

11.8586 29.0581 21.5867 10.7252 22.0406 21.8306 13.7202 18.8269 13.623 8.98226 29.5573 15.166 

1 1 1 1 1 1 1 1 1 1 1 1 

40.4234 36.8507 39.9207 28.9521 41.358 44.633 22.2156 43.1732 36.0468 20.8882 27.6601 29.4376 

104.431 77.5689 90.2628 55.6372 88.1004 60.3174 72.9631 34.1715 82.6586 109.492 39.4306 78.5322 

0.485271 0.899533 0.570574 0.788513 0.639265 0.928739 0.580701 0.575903 0.505248 0.721669 0.902792 0.830255 

454.114 452.126 431.319 407.364 490.09 487.203 

9999 9999 9999 9999 9999 9999 

0.0878999 0.0626917 0.226836 0.145286 0.077325 0.213657 0.0716964 0.114281 
0.0470443 0.0938206 0.114646 0.222974 0.178398 0.20532 0.100886 0.0366506 
0.119136 0.139176 0.194776 0.253609 0.250658 0.023145 0.00536174 0.0138756 
0.0899126 0.101116 0.13231 0.183689 0.123846 0.0444602 0.176587 0.14786 
0.0432371 0.207741 0.209381 0.0202137 0.185087 0.218335 0.114714 0.00106564 
0.113126 0.138201 0.196009 0.127723 0.130536 0.0885937 0.00175369 0.203854 

84.227 265.328 264.678 213.964 272.688 261.335 195.193 252.833 

3 3 3 3 3 3 3 3 

18.7747 63.6471 39.675 66.5707 69.3667 23.2616 33.6099 49.6728 

0 0.146447 0.5 0.853553 1 

56.3456 9.72054 -9.46505 -47.0208 40.2139 6.94878 -6.71285 -32.7062 145.184 24.9553 -24.7356 -130.944 92.997 15.9881 -15.8322 -83.4136 49.5366 8.53342 -8.36846 -42.45 136.807 23.5388 -23.2183 -120.253 46.0221 7.96559 -7.63276 -36.5539 73.2693 12.6454 -12.288 -60.7201 
30.0753 5.20941 -4.97322 -23.648 59.8253 10.2992 -10.1314 -51.9367 73.1406 12.6063 -12.3306 -62.0459 142.159 24.4646 -24.1083 -124.393 113.681 19.5397 -19.3702 -102.61 130.907 22.5296 -22.1948 -114.389 64.33 11.0747 -10.8947 -55.8574 23.4978 4.09761 -3.78317 -17.0968 
72.5492 12.5216 -12.1655 -60.0874 84.7227 14.6104 -14.2534 -71.1784 118.398 20.3475 -20.1858 -107.344 154.18 26.5047 -26.2562 -138.589 152.361 26.1813 -25.9866 -138.584 14.1609 2.47136 -2.2727 -10.2206 3.41883 0.650984 -0.364067 -1.3955 8.57547 1.53121 -1.25133 -5.12387 
51.6739 8.90289 -8.7246 -44.1561 58.2093 10.0688 -9.67734 -46.6305 76.0469 13.1049 -12.8291 -64.7196 105.513 18.156 -17.9016 -92.5687 71.1767 12.2634 -12.0158 -60.7814 25.7009 4.48917 -4.11058 -18.3916 101.503 17.4947 -17.1123 -86.1096 84.9233 14.6092 -14.4228 -74.9626 
29.9295 5.17072 -4.9997 -24.4101 143.484 24.6579 -24.4656 -130.213 144.65 24.8721 -24.6115 -129.217 14.0455 2.44832 -2.26489 -10.261 127.894 22.0023 -21.7175 -112.789 150.771 25.8977 -25.7559 -139.024 79.3187 13.6669 -13.3881 -67.6774 0.831951 0.179013 -0.0297008 -0.176552 
77.7267 13.3791 -13.1707 -67.6953 94.9891 16.3644 -16.0428 -81.2922 134.571 23.1209 -22.9656 -122.99 87.7326 15.0917 -14.9031 -77.546 89.7175 15.4547 -15.1582 -76.9277 60.8865 10.4867 -10.2931 -52.3659 1.28703 0.253655 -0.110799 -0.43873 140.018 24.082 -23.7992 -124.238 

0 6.82808 16.4209 48.4767 0 4.87157 11.7024 33.8891 0 17.6072 42.4526 133.107 0 11.2777 27.1878 84.8722 0 6.00478 14.4557 43.5461 0 16.5877 39.9663 122.79 0 5.57325 13.3724 38.0582 0 8.87817 21.3449 62.6843 
0 3.64152 8.73284 24.6727 0 7.25292 17.4683 53.1513 0 8.86505 21.3335 63.7681 0 17.236 41.5224 127.121 0 13.7867 33.2416 104.291 0 15.8715 38.2337 116.926 0 7.79906 18.7837 57.1619 0 2.8411 6.78149 18.1454 
0 8.79083 21.1344 62.0383 0 10.2677 24.6996 73.2881 0 14.3592 34.6259 109.02 0 18.6977 45.0781 140.96 0 18.4785 44.5625 140.671 0 1.71189 4.08392 10.8679 0 0.405341 0.912867 1.79325 0 1.03161 2.42288 5.7283 
0 6.26367 15.0774 45.3201 0 7.05002 16.9231 48.4646 0 9.21764 22.1847 66.4759 0 12.7932 30.822 94.5544 0 8.62764 20.7673 62.3913 0 3.10639 7.40626 19.5959 0 12.3027 29.6062 88.4991 0 10.2973 24.8133 76.4872 
0 3.62584 8.71105 25.2788 0 17.4017 41.9634 132.224 0 17.5411 42.2829 131.57 0 1.69836 4.05497 10.8801 0 15.5075 37.3674 115.102 0 18.2873 44.1141 140.794 0 9.61449 23.142 69.4808 0 0.0956205 0.199978 0.325322 
0 9.42349 22.6984 69.2381 0 11.5143 27.7179 83.4117 0 16.3215 39.3647 124.741 0 10.638 25.6354 79.1045 0 10.8755 26.182 78.9056 0 7.38088 17.7708 53.6822 0 0.151334 0.333561 0.613468 0 16.9784 40.919 126.649 

56.3456 16.5486 25.8859 95.4974 40.2139 11.8203 18.4152 66.5953 145.184 42.5624 67.1882 264.052 92.997 27.2658 43.02 168.286 49.5366 14.5382 22.8242 85.9962 136.807 40.1265 63.1846 243.043 46.0221 13.5388 21.0052 74.6121 73.2693 21.5236 33.6329 123.404 
30.0753 8.85093 13.7061 48.3207 59.8253 17.5522 27.5997 105.088 73.1406 21.4713 33.6641 125.814 142.159 41.7006 65.6307 251.513 113.681 33.3264 52.6119 206.902 130.907 38.4012 60.4286 231.315 64.33 18.8737 29.6784 113.019 23.4978 6.93871 10.5647 35.2421 
72.5492 21.3124 33.2998 122.126 84.7227 24.8781 38.953 144.467 118.398 34.7067 54.8116 216.364 154.18 45.2024 71.3343 279.549 152.361 44.6599 70.549 279.255 14.1609 4.18325 6.35661 21.0885 3.41883 1.05633 1.27693 3.18875 8.57547 2.56282 3.67421 10.8522 
51.6739 15.1666 23.802 89.4762 58.2093 17.1188 26.6004 95.0951 76.0469 22.3225 35.0138 131.195 105.513 30.9492 48.7236 187.123 71.1767 20.8911 32.7831 123.173 25.7009 7.59555 11.5168 37.9875 101.503 29.7974 46.7185 174.609 84.9233 24.9065 39.2361 151.45 
29.9295 8.79656 13.7108 49.6889 143.484 42.0596 66.429 262.437 144.65 42.4132 66.8944 260.787 14.0455 4.14668 6.31985 21.1411 127.894 37.5098 59.0849 227.891 150.771 44.185 69.8699 279.818 79.3187 23.2814 36.5301 137.158 0.831951 0.274634 0.229678 0.501874 
77.7267 22.8026 35.869 136.933 94.9891 27.8787 43.7607 164.704 134.571 39.4424 62.3303 247.731 87.7326 25.7297 40.5385 156.651 89.7175 26.3302 41.3401 155.833 60.8865 17.8676 28.0639 106.048 1.28703 0.404989 0.44436 1.0522 140.018 41.0604 64.7182 250.887 

0 
1 2 
3 
4 5 6 
7 
8 
9 10 
11 

0 1 2 3 4 5 6 7 

0 
1 2 
3 
4 5 6 
7 
8 
9 10 
11 

