6
12
5
5
4

8.20271 9.71682 10.7294 6.82868 10.4709 7.41261 9.84059 11.2556 9.09319 11.7053 10.7049 9.13637 

2.83098 2.98738 1.95331 2.43533 2.6611 2.43435 2.13284 2.6297 2.2449 2.24751 1.87769 3.18184 

19.6591 19.7311 14.5847 11.6039 19.8269 25.5219 11.6692 31.656 22.8077 21.2191 24.6199 9.34766 

1 1 1 1 1 1 1 1 1 1 1 1 

30.9628 22.0564 35.6164 40.4017 21.4828 16.9633 29.1361 35.8423 43.3554 40.7221 34.2213 40.3358 

83.233 81.5905 38.4252 33.8455 69.9025 63.0512 62.5985 108.686 69.1998 67.8007 23.1895 103.482 

0.410799 0.834385 0.546117 0.407897 0.938233 0.964746 0.581548 0.879224 0.750573 0.954462 0.891461 0.734145 

424.796 430.599 493.272 464.755 432.763 425.649 

9999 9999 9999 9999 9999 9999 

0.018595 0.0659854 0.42788 0.362351 0.124601 
0.0696875 0.0407477 0.354668 0.388554 0.145891 
0.243559 0.309694 0.39638 0.0499097 2.04874e-05 
0.30777 0.253395 0.115278 0.187605 0.13552 
0.196194 0.155177 0.101683 0.0804941 0.465656 
0.0572982 0.223791 0.317599 0.163227 0.237688 

154.53 252.627 163.634 112.631 275.475 

3 3 3 3 3 

42.457 67.5191 19.3598 32.229 31.4458 

0 0.146447 0.5 0.853553 1 

11.2804 1.99912 -1.69963 -7.12406 39.6636 6.88224 -6.51378 -30.5076 256.156 44.0196 -43.6813 -232.627 216.944 37.2887 -36.966 -195.839 74.7066 12.8847 -12.5623 -62.6276 
42.3816 7.32125 -7.08255 -34.6182 24.8867 4.34224 -3.9978 -18.004 215.178 36.9571 -36.7715 -199.103 235.809 40.5309 -40.182 -212.929 88.5952 15.2508 -15.0089 -77.0638 
169.284 29.0787 -28.9141 -155.879 215.244 36.9705 -36.7752 -198.765 275.438 47.2866 -47.1466 -259.542 34.7661 6.00359 -5.81789 -28.5534 0.0469788 0.0158066 0.00989153 0.00797244 
201.581 34.6405 -34.377 -183.157 165.938 28.5034 -28.3445 -152.897 75.575 13.0166 -12.7761 -64.9951 122.937 21.1513 -20.8691 -108.206 88.8669 15.3145 -14.9903 -75.5923 
119.661 20.5649 -20.399 -108.407 94.6643 16.2773 -16.1064 -84.5557 62.0667 10.6872 -10.5031 -53.6617 49.224 8.51323 -8.18846 -39.5186 284.001 48.8052 -48.4272 -257.816 
34.4779 5.9689 -5.71284 -27.297 134.336 23.1233 -22.7628 -116.992 190.504 32.7325 -32.5053 -173.846 97.9313 16.8361 -16.6733 -87.8782 142.582 24.5029 -24.3116 -129.387 

0 1.35922 3.20859 7.83864 0 4.80072 11.4987 31.9787 0 31.0667 74.9171 236.193 0 26.31 63.4373 199.044 0 9.05361 21.7771 64.5105 
0 5.13446 12.3364 35.8395 0 3.00867 7.17869 19.1337 0 26.0998 62.9641 201.523 0 28.5979 68.9543 216.403 0 10.741 25.8709 78.8381 
0 20.5326 49.529 157.9 0 26.1075 62.9803 201.247 0 33.4119 80.6285 261.919 0 4.21217 10.1229 29.5289 0 0.00456506 0.00752261 0.00916065 
0 24.4479 58.9566 185.948 0 20.1268 48.5508 154.863 0 9.16146 22.0578 66.6295 0 14.9062 35.9164 110.463 0 10.7715 25.9239 77.651 
0 14.5122 34.9942 110.114 0 11.4795 27.6714 86.0965 0 7.52436 18.1195 54.9577 0 5.96196 14.3128 41.0547 0 34.4436 83.0598 261.784 
0 4.17504 10.0159 28.4391 0 16.2868 39.2299 119.66 0 23.1052 55.7241 176.366 0 11.8761 28.6308 89.408 0 17.2923 41.6995 131.387 

11.2804 3.35834 4.90822 14.9627 39.6636 11.683 18.0125 62.4863 256.156 75.0863 118.598 468.82 216.944 63.5987 100.403 394.884 74.7066 21.9383 34.3394 127.138 
42.3816 12.4557 19.4189 70.4576 24.8867 7.35091 11.1765 37.1376 215.178 63.0569 99.7356 400.626 235.809 69.1287 109.136 429.331 88.5952 25.9918 40.8798 155.902 
169.284 49.6113 78.4431 313.779 215.244 63.078 99.7555 400.012 275.438 80.6986 127.775 521.461 34.7661 10.2158 15.9408 58.0822 0.0469788 0.0203717 0.0174141 0.0171331 
201.581 59.0883 93.3335 369.105 165.938 48.6302 76.8953 307.759 75.575 22.178 34.834 131.625 122.937 36.0575 56.7855 218.669 88.8669 26.086 40.9143 153.243 
119.661 35.0772 55.3932 218.521 94.6643 27.7568 43.7778 170.652 62.0667 18.2116 28.6226 108.619 49.224 14.4752 22.5013 80.5733 284.001 83.2488 131.487 519.6 
34.4779 10.1439 15.7287 55.7362 134.336 39.4101 61.9927 236.652 190.504 55.8377 88.2293 350.213 97.9313 28.7122 45.3041 177.286 142.582 41.7952 66.0112 260.773 

0 1 2 
3 
4 5 6 7 8 
9 10 11 


0 1 2 3 4 

0 1 2 
3 
4 5 6 7 8 
9 10 11 


