6
12
2
2
4

6.63763 10.8008 11.0448 11.8153 9.22833 8.35858 9.16096 6.0849 6.33246 6.12425 9.90133 7.5713 

2.11335 2.38178 1.73492 2.19274 2.09852 2.56225 2.39063 3.09788 1.66861 2.42746 3.01399 3.48616 

29.4524 24.9077 24.5743 10.4663 23.0766 8.2279 32.1223 17.7542 26.451 20.8675 30.6359 8.28614 

1 1 1 1 1 1 1 1 1 1 1 1 

36.6533 39.1234 14.0198 35.4665 39.002 45.5376 28.8209 14.8371 15.0488 43.6599 28.3273 39.4237 

65.1684 61.6017 26.3405 47.1209 22.6933 62.6944 85.3056 93.038 69.7136 44.8043 67.3824 63.9805 

0.613221 0.624985 0.836977 0.616548 0.858955 0.815047 0.747859 0.63248 0.597605 0.830507 0.698708 0.916352 

450.837 497.45 479.257 453.222 497.315 452.702 

9999 9999 9999 9999 9999 9999 

0.522342 0.476783 
0.386971 0.611891 
0.580077 0.418976 
0.655706 0.333211 
0.458806 0.540446 
0.466071 0.529656 

87.0813 162.887 

3 3 

49.4221 33.0654 

0 0.146447 0.5 0.853553 1 

331.749 56.9574 -56.7728 -311.738 302.904 52.0426 -51.6935 -276.857 
271.189 46.562 -46.4008 -254.293 428.772 73.602 -73.427 -406.556 
391.661 67.2512 -66.9963 -366.156 282.921 48.5934 -48.3432 -261.529 
418.658 71.88 -71.6402 -393.042 212.797 36.5548 -36.3394 -195.615 
321.513 55.2312 -54.9014 -295.383 378.642 65.0116 -64.7848 -354.964 
297.23 51.0289 -50.8731 -279.819 337.796 57.9997 -57.792 -316.403 

0 40.2423 97.1075 314.734 0 36.7379 88.6059 280.795 
0 32.8958 79.3772 256.824 0 52.0135 125.528 409.871 
0 47.5087 114.632 369.981 0 34.3164 82.7847 264.75 
0 50.7844 122.544 396.878 0 25.81 62.2572 198.208 
0 38.996 94.0623 299.326 0 45.93 110.828 358.512 
0 36.0554 87.0064 282.424 0 40.9752 98.8711 319.61 

331.749 97.1998 153.88 626.472 302.904 88.7804 140.299 557.652 
271.189 79.4578 125.778 511.118 428.772 125.615 198.955 816.427 
391.661 114.76 181.629 736.136 282.921 82.9098 131.128 526.279 
418.658 122.664 194.185 789.92 212.797 62.3649 98.5966 393.823 
321.513 94.2272 148.964 594.709 378.642 110.942 175.613 713.476 
297.23 87.0843 137.88 562.243 337.796 98.9749 156.663 636.013 

0 1 2 
3 4 5 6 7 8 9 10 11 

0 1 

0 1 2 
3 4 5 6 7 8 9 10 11 

