6
12
5
5
4

8.91276 8.13697 7.3799 9.36636 11.7786 10.7625 11.439 10.4468 7.41147 7.07371 11.4572 10.5586 

2.03291 2.56039 2.7574 1.80489 2.12911 2.981 2.15836 2.61068 3.48939 1.69765 2.23585 2.81871 

26.9584 9.77226 19.0371 9.78112 13.0176 13.2896 6.41446 19.2005 30.8381 28.3081 29.5572 10.3564 

1 1 1 1 1 1 1 1 1 1 1 1 

39.8836 47.974 37.8314 38.6341 34.0002 29.0752 41.8226 22.4175 22.6324 26.6808 46.5161 33.6377 

51.0335 88.6625 69.7672 87.8306 49.9365 51.1829 78.3851 107.436 65.2394 77.6557 44.7628 96.3407 

0.428645 0.431011 0.773793 0.682404 0.728568 0.871208 0.617269 0.807327 0.863624 0.581335 0.465602 0.536087 

478.859 457.421 493.134 438.176 482.113 442.77 

9999 9999 9999 9999 9999 9999 

0.345117 0.0252154 0.353143 0.222777 0.0532097 
0.133798 0.528404 0.0882547 0.0161739 0.232277 
0.0215475 0.270368 0.39338 0.141462 0.172714 
0.267356 0.243725 0.179576 0.111695 0.19736 
0.384703 0.129679 0.308236 0.00463659 0.17131 
0.0485447 0.232598 0.256629 0.204746 0.257212 

259.713 168.469 275.022 183.265 270.815 

3 3 3 3 3 

14.662 53.9607 61.3725 62.8814 29.2309 

0 0.146447 0.5 0.853553 1 

232.905 40.0244 -39.7146 -211.439 17.1218 2.98555 -2.75732 -12.4658 238.328 40.9596 -40.6274 -215.86 150.359 25.8457 -25.6133 -135.457 36.0404 6.24766 -5.9408 -28.0466 
86.2708 14.8333 -14.6813 -77.1672 340.507 58.4637 -58.2614 -319.297 56.9619 9.81732 -9.60471 -48.3609 10.5701 1.87518 -1.58568 -6.62293 149.712 25.7177 -25.5674 -137.671 
15.0849 2.63749 -2.40303 -10.6907 187.884 32.2816 -32.0608 -171.576 273.371 46.9709 -46.6434 -249.419 98.3719 16.9297 -16.6806 -86.0181 120.028 20.6251 -20.4732 -109.231 
165.086 28.3647 -28.17 -150.734 150.497 25.8594 -25.6753 -137.177 110.985 19.1108 -18.7796 -95.9147 69.0799 11.9151 -11.613 -57.8415 121.894 20.9557 -20.7535 -109.397 
261.293 44.8653 -44.6986 -244.441 88.2119 15.2014 -14.881 -75.0626 209.374 35.9581 -35.7886 -194.207 3.28134 0.616281 -0.37654 -1.44238 116.452 20.0359 -19.7671 -102.461 
30.3832 5.25904 -5.03809 -24.1165 145.167 24.9579 -24.7116 -130.122 160.202 27.5579 -27.2132 -141.591 127.77 21.961 -21.7726 -115.391 160.474 27.5666 -27.4043 -147.524 

0 28.2467 68.1162 214.692 0 2.0702 4.94164 13.2283 0 28.904 69.6975 219.268 0 18.2345 43.964 137.722 0 4.36304 10.4573 29.3257 
0 10.4618 25.2191 78.5541 0 41.3043 99.6668 322.475 0 6.90416 16.6152 49.6956 0 1.27334 3.00377 7.30333 0 18.1585 43.8011 139.488 
0 1.82288 4.34314 11.4171 0 22.7875 54.9587 174.042 0 33.1555 79.9626 253.042 0 11.9269 28.7321 87.9153 0 14.5573 35.1064 110.866 
0 20.0224 48.2897 152.905 0 18.2528 44.0202 139.193 0 13.4546 32.3998 98.2387 0 8.3716 20.1357 59.5941 0 14.7821 35.6367 111.299 
0 31.6951 76.477 246.968 0 10.6921 25.7333 77.1016 0 25.3962 61.2696 196.488 0 0.390289 0.886699 1.79645 0 14.1199 34.0214 104.605 
0 3.67935 8.82792 25.1124 0 17.6043 42.439 132.412 0 19.4253 46.8108 144.438 0 15.4954 37.3622 117.271 0 19.4638 46.9493 149.478 

232.905 68.2711 107.831 426.132 17.1218 5.05575 7.69895 25.6941 238.328 69.8636 110.325 435.129 150.359 44.0803 69.5773 273.179 36.0404 10.6107 16.3981 57.3723 
86.2708 25.295 39.9004 155.721 340.507 99.768 157.928 641.771 56.9619 16.7215 26.2199 98.0565 10.5701 3.14852 4.58945 13.9263 149.712 43.8762 69.3684 277.159 
15.0849 4.46037 6.74617 22.1078 187.884 55.0691 87.0196 345.618 273.371 80.1264 126.606 502.462 98.3719 28.8566 45.4126 173.933 120.028 35.1823 55.5796 220.096 
165.086 48.387 76.4598 303.638 150.497 44.1122 69.6955 276.369 110.985 32.5654 51.1795 194.153 69.0799 20.2867 31.7487 117.436 121.894 35.7378 56.3902 220.696 
261.293 76.5604 121.176 491.409 88.2119 25.8935 40.6143 152.164 209.374 61.3543 97.0581 390.695 3.28134 1.00657 1.26324 3.23884 116.452 34.1558 53.7885 207.067 
30.3832 8.93839 13.866 49.2289 145.167 42.5621 67.1506 262.534 160.202 46.9831 74.024 286.029 127.77 37.4565 59.1348 232.662 160.474 47.0304 74.3536 297.002 

0 1 2 3 
4 5 6 7 
8 
9 
10 11 

0 1 2 3 4 

0 1 2 3 
4 5 6 7 
8 
9 
10 11 

