6
12
4
4
4

10.9933 11.9096 6.60867 9.57578 6.58526 6.26995 7.33638 9.61218 11.5839 7.55542 8.80518 11.5657 

2.90084 2.19288 2.23638 1.93176 3.38544 2.12723 2.29457 2.77578 1.78498 1.8884 2.95614 3.29322 

9.96261 29.9741 14.3596 31.7875 22.6432 12.1912 18.1643 13.7962 22.899 8.36568 25.2361 14.7696 

1 1 1 1 1 1 1 1 1 1 1 1 

27.8224 19.2237 21.8179 14.2755 47.8992 28.4482 22.1416 14.9975 42.5636 15.4669 17.7062 44.0514 

31.629 36.9106 100.954 61.6232 87.9982 101.647 60.663 25.819 109.617 33.0212 52.2265 91.9966 

0.470876 0.802014 0.985228 0.845574 0.613305 0.41838 0.766656 0.677239 0.945811 0.53038 0.730781 0.457117 

488.674 467.771 418.536 410.028 446.171 446.031 

9999 9999 9999 9999 9999 9999 

0.260193 0.254896 0.255999 0.228562 
0.387085 0.420617 0.0549825 0.136846 
0.24401 0.0683207 0.242193 0.444871 
0.357892 0.33303 0.0570661 0.251617 
0.157007 0.324477 0.227342 0.290037 
0.0689407 0.44744 0.206699 0.276403 

271.377 195.995 224.538 135.729 

3 3 3 3 

60.9543 66.6436 53.3146 31.2463 

0 0.146447 0.5 0.853553 1 

179.202 30.8 -30.5412 -162.017 175.594 30.1967 -29.8621 -156.35 176.334 30.3155 -30.0199 -158.162 157.442 27.0701 -26.7934 -140.843 
255.139 43.8293 -43.5674 -234.397 277.259 47.6363 -47.3169 -253.421 36.2927 6.25611 -6.11539 -30.7134 90.2962 15.5516 -15.2666 -77.7026 
143.92 24.7291 -24.5538 -131.211 40.3841 6.97527 -6.75226 -33.0544 142.903 24.5768 -24.2947 -126.973 262.329 45.0496 -44.8517 -243.973 
206.812 35.5413 -35.2613 -187.586 192.486 33.0965 -32.7535 -172.058 33.1097 5.74501 -5.43752 -25.4676 145.416 24.9974 -24.7664 -130.815 
98.7966 17.0078 -16.7333 -85.8271 204.051 35.0757 -34.7571 -183.731 142.94 24.5598 -24.3899 -130.462 182.389 31.3502 -31.0745 -164.507 
43.447 7.51228 -7.23428 -35.0016 281.197 48.2982 -48.0452 -259.757 130.007 22.3739 -22.0456 -113.703 173.717 29.8417 -29.6653 -159.668 

0 21.733 52.4036 164.625 0 21.293 51.3224 159.287 0 21.384 51.5517 160.928 0 19.0925 46.0243 143.372 
0 30.9456 74.644 237.527 0 33.6274 81.104 257.025 0 4.39876 10.5845 31.5802 0 10.9461 26.3552 79.6476 
0 17.4551 42.0965 133.134 0 4.89262 11.7564 34.2067 0 17.3284 41.7641 129.405 0 31.8198 76.7705 246.731 
0 25.0819 60.4832 190.5 0 23.342 56.2671 175.171 0 4.00746 9.59873 26.6955 0 17.6349 42.5169 133.035 
0 11.9777 28.8483 87.8235 0 24.7459 59.6623 186.82 0 17.3363 41.8112 132.35 0 22.1191 53.3314 167.223 
0 5.26252 12.6358 36.3367 0 34.1072 82.2789 262.986 0 15.7625 37.9723 116.207 0 21.0701 50.8236 161.788 

179.202 52.533 82.9448 326.642 175.594 51.4897 81.1845 315.637 176.334 51.6995 81.5716 319.09 157.442 46.1626 72.8177 284.215 
255.139 74.7749 118.211 471.924 277.259 81.2637 128.421 510.445 36.2927 10.6549 16.6999 62.2936 90.2962 26.4977 41.6218 157.35 
143.92 42.1841 66.6504 264.345 40.3841 11.8679 18.5086 67.2611 142.903 41.9052 66.0588 256.378 262.329 76.8694 121.622 490.704 
206.812 60.6233 95.7446 378.086 192.486 56.4386 89.0206 347.229 33.1097 9.75247 15.0363 52.1631 145.416 42.6324 67.2833 263.85 
98.7966 28.9855 45.5816 173.651 204.051 59.8216 94.4194 370.551 142.94 41.8962 66.2011 262.812 182.389 53.4693 84.4059 331.73 
43.447 12.7748 19.8701 71.3382 281.197 82.4054 130.324 522.744 130.007 38.1364 60.0179 229.909 173.717 50.9118 80.4889 321.456 

0 1 2 
3 4 5 6 7 
8 9 
10 11 

0 1 2 3 

0 1 2 
3 4 5 6 7 
8 9 
10 11 

